6 0 6 111001011
4 1 3 100000011
4 2 2 100001000
4 1 3 111000000
3 2 1 000010000
4 2 2 001100000
4 2 2 100001000
5 1 4 000011011
3 2 1 000010000
4 2 2 000001100
4 2 2 001000010
5 2 3 010100001
5 3 2 100000001
5 1 3 100000011
4 2 2 100001000
5 2 3 100010100
4 3 1 000100000
5 1 4 110010010
4 2 2 001000010
5 2 3 000110010
5 3 2 000010100
5 3 2 010001000
5 4 1 001000000
5 2 3 100101000
5 3 2 010001000
5 4 1 001000000
6 3 3 000011100
6 2 3 000110010
5 3 2 000010100
5 3 2 010001000
5 4 1 001000000
6 3 2 000010100
6 4 2 000000011
6 5 1 000001000
6 4 2 100100000
6 5 1 010000000
6 3 3 000100101
6 4 2 000000011
6 5 1 000001000
6 3 3 100000110
6 4 2 100100000
6 5 1 010000000
6 2 2 001000010
6 3 3 001001001
5 4 1 000010000
6 4 2 001000010
6 4 2 010000001
6 3 3 001100100
6 4 2 001000010
6 3 3 010001010
6 4 2 000110000
6 4 2 001000010
6 4 2 010000001
6 2 4 010100110
4 3 1 010000000
6 4 2 001001000
6 5 1 010000000
6 4 2 100100000
6 5 1 010000000
6 3 3 000011100
6 3 3 100000110
6 4 2 100100000
6 5 1 010000000
6 2 4 110000101
6 3 3 000100101
6 4 2 000000011
6 5 1 000001000
6 1 4 000011011
3 2 1 000010000
4 2 2 000001100
4 2 2 001000010
5 2 3 010100001
5 3 2 100000001
6 2 2 000001100
6 3 3 000000111
5 4 1 000010000
6 4 2 000001100
6 4 2 000100001
6 3 3 000101010
6 4 2 000001100
6 4 2 000100001
6 4 2 010010000
6 3 3 011000100
6 4 2 000001100
6 2 1 000010000
6 3 3 000000111
5 4 1 000010000
6 4 2 000001100
6 4 2 000100001
6 3 3 001001001
5 4 1 000010000
6 4 2 001000010
6 4 2 010000001
6 3 3 100100100
5 4 1 000010000
6 4 2 010000100
6 4 2 100000010
6 3 3 111000000
5 4 1 000010000
6 4 2 001100000
6 4 2 100001000
6 2 2 001000010
6 3 3 001001001
5 4 1 000010000
6 4 2 001000010
6 4 2 010000001
6 3 3 001100100
6 4 2 001000010
6 3 3 010001010
6 4 2 000110000
6 4 2 001000010
6 4 2 010000001
6 1 5 001101011
4 2 2 001100000
5 2 3 000110010
5 3 2 000010100
5 3 2 010001000
5 4 1 001000000
6 3 2 000010100
6 4 2 000000011
6 5 1 000001000
6 4 2 100100000
6 5 1 010000000
6 3 3 000100101
6 4 2 000000011
6 5 1 000001000
6 3 3 100000110
6 4 2 100100000
6 5 1 010000000
6 2 4 001001101
5 3 2 000010100
6 4 2 000000011
6 5 1 000001000
6 4 2 100100000
6 5 1 010000000
6 3 3 001000110
6 4 2 001100000
6 3 3 010000101
6 2 2 001100000
6 3 3 001000110
6 4 2 001100000
6 3 3 010101000
6 4 2 000010010
6 4 2 001100000
6 4 2 100001000
6 3 3 111000000
5 4 1 000010000
6 4 2 001100000
6 4 2 100001000
6 2 4 010100011
6 3 3 000011001
5 4 1 001000000
6 4 2 000010010
6 3 3 010000101
6 3 3 010101000
6 4 2 000010010
6 4 2 001100000
6 4 2 100001000
6 3 3 100000011
6 4 2 100001000
6 2 4 011010001
5 3 2 010001000
5 4 1 001000000
5 3 2 100000001
6 3 3 000011001
5 4 1 001000000
6 4 2 000010010
6 1 3 100000011
4 2 2 100001000
5 2 3 100010100
4 3 1 000100000
6 4 2 000000110
6 5 1 000100000
6 4 2 110000000
6 5 1 000100000
6 3 3 011000100
6 4 2 000001100
6 3 3 100000011
6 4 2 100001000
6 2 4 010100011
6 3 3 000011001
5 4 1 001000000
6 4 2 000010010
6 3 3 010000101
6 3 3 010101000
6 4 2 000010010
6 4 2 001100000
6 4 2 100001000
6 3 3 100000011
6 4 2 100001000
6 2 2 100001000
6 3 3 010101000
6 4 2 000010010
6 4 2 001100000
6 4 2 100001000
6 3 3 100000011
6 4 2 100001000
6 3 3 111000000
5 4 1 000010000
6 4 2 001100000
6 4 2 100001000
6 2 4 100100101
5 3 2 000010001
6 4 2 000000110
6 5 1 000100000
6 4 2 001001000
6 5 1 010000000
6 3 3 010000101
6 3 3 100000011
6 4 2 100001000
6 1 5 101110001
5 2 3 001000101
5 2 3 010100001
5 3 2 100000001
5 2 3 100101000
5 3 2 010001000
5 4 1 001000000
6 3 3 000011100
6 2 3 001000101
6 3 3 000011100
6 3 3 001010010
6 2 4 011010001
5 3 2 010001000
5 4 1 001000000
5 3 2 100000001
6 3 3 000011001
5 4 1 001000000
6 4 2 000010010
6 1 3 111000000
3 2 1 000010000
4 2 2 001100000
4 2 2 100001000
6 3 3 010101000
6 4 2 000010010
6 4 2 001100000
6 4 2 100001000
6 3 3 100000011
6 4 2 100001000
6 3 3 111000000
5 4 1 000010000
6 4 2 001100000
6 4 2 100001000
6 2 1 000010000
6 3 3 000000111
5 4 1 000010000
6 4 2 000001100
6 4 2 000100001
6 3 3 001001001
5 4 1 000010000
6 4 2 001000010
6 4 2 010000001
6 3 3 100100100
5 4 1 000010000
6 4 2 010000100
6 4 2 100000010
6 3 3 111000000
5 4 1 000010000
6 4 2 001100000
6 4 2 100001000
6 2 2 001100000
6 3 3 001000110
6 4 2 001100000
6 3 3 010101000
6 4 2 000010010
6 4 2 001100000
6 4 2 100001000
6 3 3 111000000
5 4 1 000010000
6 4 2 001100000
6 4 2 100001000
7 3 4 000111001
6 4 2 001100000
7 4 3 000110010
7 5 2 000010100
7 5 2 010001000
7 6 1 001000000
7 4 3 010000011
7 5 2 010001000
7 6 1 001000000
7 3 3 001000110
6 4 2 001100000
7 4 3 001010001
6 5 1 000001000
7 3 3 010101000
6 4 2 000010010
6 4 2 001100000
6 4 2 100001000
7 4 2 000010010
7 5 2 000000101
7 3 4 101010100
6 4 2 001100000
6 4 2 010000100
7 3 4 110110000
5 4 1 000010000
6 4 2 001100000
6 4 2 010000100
7 4 3 100001010
7 5 2 100000001
7 2 1 000010000
6 3 3 000000111
5 4 1 000010000
6 4 2 000001100
6 4 2 000100001
6 3 3 001001001
5 4 1 000010000
6 4 2 001000010
6 4 2 010000001
6 3 3 100100100
5 4 1 000010000
6 4 2 010000100
6 4 2 100000010
6 3 3 111000000
5 4 1 000010000
6 4 2 001100000
6 4 2 100001000
7 3 4 000011011
5 4 1 000010000
6 4 2 000001100
6 4 2 001000010
7 4 3 010100001
7 5 2 100000001
7 3 4 000110110
5 4 1 000010000
6 4 2 000100001
6 4 2 100000010
7 4 3 010001100
7 5 2 001000100
7 3 4 010101010
5 4 1 000010000
7 4 3 001100010
7 5 2 001000100
7 4 3 010001100
7 5 2 001000100
7 4 3 010100001
7 5 2 100000001
7 4 3 100001010
7 5 2 100000001
7 3 4 011011000
5 4 1 000010000
6 4 2 010000001
6 4 2 100001000
7 4 3 001100010
7 5 2 001000100
7 3 4 110110000
5 4 1 000010000
6 4 2 001100000
6 4 2 010000100
7 4 3 100001010
7 5 2 100000001
7 2 5 011110100
6 3 3 100100100
5 4 1 000010000
6 4 2 010000100
6 4 2 100000010
6 3 3 111000000
5 4 1 000010000
6 4 2 001100000
6 4 2 100001000
7 3 4 000111100
6 4 2 100001000
7 4 3 000011010
7 5 2 000010001
7 5 2 010100000
7 6 1 100000000
7 4 3 010000110
7 5 2 010100000
7 6 1 100000000
7 3 4 001001110
7 4 3 001000101
7 4 3 001101000
7 5 2 010100000
7 6 1 100000000
7 4 3 010000110
7 5 2 010100000
7 6 1 100000000
7 3 4 011010010
6 4 2 100000010
7 4 3 000011010
7 5 2 000010001
7 5 2 010100000
7 6 1 100000000
7 4 3 001101000
7 5 2 010100000
7 6 1 100000000
7 3 4 101010100
6 4 2 001100000
6 4 2 010000100
7 2 2 100001000
6 3 3 010101000
6 4 2 000010010
6 4 2 001100000
6 4 2 100001000
6 3 3 100000011
6 4 2 100001000
6 3 3 111000000
5 4 1 000010000
6 4 2 001100000
6 4 2 100001000
7 3 4 000111100
6 4 2 100001000
7 4 3 000011010
7 5 2 000010001
7 5 2 010100000
7 6 1 100000000
7 4 3 010000110
7 5 2 010100000
7 6 1 100000000
7 3 3 010101000
6 4 2 000010010
6 4 2 001100000
6 4 2 100001000
7 4 2 000010010
7 5 2 000000101
7 3 4 011011000
5 4 1 000010000
6 4 2 010000001
6 4 2 100001000
7 4 3 001100010
7 5 2 001000100
7 3 3 100000011
6 4 2 100001000
7 4 3 100010100
6 5 1 000100000
7 3 4 101010001
6 4 2 010000001
6 4 2 100001000
7 2 5 110011001
6 3 3 001001001
5 4 1 000010000
6 4 2 001000010
6 4 2 010000001
6 3 3 111000000
5 4 1 000010000
6 4 2 001100000
6 4 2 100001000
7 3 4 000111001
6 4 2 001100000
7 4 3 000110010
7 5 2 000010100
7 5 2 010001000
7 6 1 001000000
7 4 3 010000011
7 5 2 010001000
7 6 1 001000000
7 3 4 100100011
7 4 3 010000011
7 5 2 010001000
7 6 1 001000000
7 4 3 100000101
7 4 3 100101000
7 5 2 010001000
7 6 1 001000000
7 3 4 101010001
6 4 2 010000001
6 4 2 100001000
7 3 4 110010010
6 4 2 001000010
7 4 3 000110010
7 5 2 000010100
7 5 2 010001000
7 6 1 001000000
7 4 3 100101000
7 5 2 010001000
7 6 1 001000000
7 1 4 000011011
3 2 1 000010000
4 2 2 000001100
4 2 2 001000010
5 2 3 010100001
5 3 2 100000001
6 2 2 000001100
6 3 3 000000111
5 4 1 000010000
6 4 2 000001100
6 4 2 000100001
6 3 3 000101010
6 4 2 000001100
6 4 2 000100001
6 4 2 010010000
6 3 3 011000100
6 4 2 000001100
6 2 1 000010000
6 3 3 000000111
5 4 1 000010000
6 4 2 000001100
6 4 2 000100001
6 3 3 001001001
5 4 1 000010000
6 4 2 001000010
6 4 2 010000001
6 3 3 100100100
5 4 1 000010000
6 4 2 010000100
6 4 2 100000010
6 3 3 111000000
5 4 1 000010000
6 4 2 001100000
6 4 2 100001000
6 2 2 001000010
6 3 3 001001001
5 4 1 000010000
6 4 2 001000010
6 4 2 010000001
6 3 3 001100100
6 4 2 001000010
6 3 3 010001010
6 4 2 000110000
6 4 2 001000010
6 4 2 010000001
7 4 2 000110000
7 5 2 100000100
7 3 4 000011011
5 4 1 000010000
6 4 2 000001100
6 4 2 001000010
7 4 3 010100001
7 5 2 100000001
7 3 4 001010101
6 4 2 000001100
6 4 2 001000010
7 3 3 001100100
6 4 2 001000010
7 4 3 101010000
6 5 1 010000000
7 3 4 110010010
6 4 2 001000010
7 4 3 000110010
7 5 2 000010100
7 5 2 010001000
7 6 1 001000000
7 4 3 100101000
7 5 2 010001000
7 6 1 001000000
7 2 2 000001100
6 3 3 000000111
5 4 1 000010000
6 4 2 000001100
6 4 2 000100001
6 3 3 000101010
6 4 2 000001100
6 4 2 000100001
6 4 2 010010000
6 3 3 011000100
6 4 2 000001100
7 4 3 100010100
6 5 1 000100000
7 3 4 000011011
5 4 1 000010000
6 4 2 000001100
6 4 2 001000010
7 4 3 010100001
7 5 2 100000001
7 3 3 000101010
6 4 2 000001100
6 4 2 000100001
6 4 2 010010000
7 5 2 101000000
7 3 4 001010101
6 4 2 000001100
6 4 2 001000010
7 3 4 100111000
6 4 2 000001100
7 4 3 010011000
7 5 2 000100010
7 6 1 000000100
7 5 2 001010000
7 4 3 110000010
7 5 2 000100010
7 6 1 000000100
7 2 1 000010000
6 3 3 000000111
5 4 1 000010000
6 4 2 000001100
6 4 2 000100001
6 3 3 001001001
5 4 1 000010000
6 4 2 001000010
6 4 2 010000001
6 3 3 100100100
5 4 1 000010000
6 4 2 010000100
6 4 2 100000010
6 3 3 111000000
5 4 1 000010000
6 4 2 001100000
6 4 2 100001000
7 3 4 000011011
5 4 1 000010000
6 4 2 000001100
6 4 2 001000010
7 4 3 010100001
7 5 2 100000001
7 3 4 000110110
5 4 1 000010000
6 4 2 000100001
6 4 2 100000010
7 4 3 010001100
7 5 2 001000100
7 3 4 010101010
5 4 1 000010000
7 4 3 001100010
7 5 2 001000100
7 4 3 010001100
7 5 2 001000100
7 4 3 010100001
7 5 2 100000001
7 4 3 100001010
7 5 2 100000001
7 3 4 011011000
5 4 1 000010000
6 4 2 010000001
6 4 2 100001000
7 4 3 001100010
7 5 2 001000100
7 3 4 110110000
5 4 1 000010000
6 4 2 001100000
6 4 2 010000100
7 4 3 100001010
7 5 2 100000001
7 2 5 000111101
6 3 3 000101010
6 4 2 000001100
6 4 2 000100001
6 4 2 010010000
6 3 3 001100100
6 4 2 001000010
6 3 3 100001001
6 4 2 100000010
7 4 3 101010000
6 5 1 010000000
7 3 4 000011011
5 4 1 000010000
6 4 2 000001100
6 4 2 001000010
7 4 3 010100001
7 5 2 100000001
7 3 3 000101010
6 4 2 000001100
6 4 2 000100001
6 4 2 010010000
7 5 2 101000000
7 3 4 000110110
5 4 1 000010000
6 4 2 000100001
6 4 2 100000010
7 4 3 010001100
7 5 2 001000100
7 3 3 001100100
6 4 2 001000010
7 4 3 101010000
6 5 1 010000000
7 3 4 010000111
6 4 2 010010000
7 5 2 101000000
7 4 3 010001100
7 5 2 001000100
7 4 3 010100001
7 5 2 100000001
7 2 3 010100001
5 3 2 100000001
7 4 3 010100001
7 5 2 100000001
7 4 3 100001010
7 5 2 100000001
7 3 4 000011011
5 4 1 000010000
6 4 2 000001100
6 4 2 001000010
7 4 3 010100001
7 5 2 100000001
7 3 4 001101001
6 4 2 000110000
7 5 2 100000100
7 4 3 001100010
7 5 2 001000100
7 4 3 010100001
7 5 2 100000001
7 3 4 010000111
6 4 2 010010000
7 5 2 101000000
7 4 3 010001100
7 5 2 001000100
7 4 3 010100001
7 5 2 100000001
7 3 4 010101010
5 4 1 000010000
7 4 3 001100010
7 5 2 001000100
7 4 3 010001100
7 5 2 001000100
7 4 3 010100001
7 5 2 100000001
7 4 3 100001010
7 5 2 100000001
7 2 5 011010011
6 3 3 010001010
6 4 2 000110000
6 4 2 001000010
6 4 2 010000001
6 3 3 011000100
6 4 2 000001100
6 3 3 100000011
6 4 2 100001000
7 4 3 100010100
6 5 1 000100000
7 3 4 000011011
5 4 1 000010000
6 4 2 000001100
6 4 2 001000010
7 4 3 010100001
7 5 2 100000001
7 3 4 001101001
6 4 2 000110000
7 5 2 100000100
7 4 3 001100010
7 5 2 001000100
7 4 3 010100001
7 5 2 100000001
7 3 3 010001010
6 4 2 000110000
6 4 2 001000010
6 4 2 010000001
7 4 2 000110000
7 5 2 100000100
7 3 3 011000100
6 4 2 000001100
7 4 3 100010100
6 5 1 000100000
7 3 4 011011000
5 4 1 000010000
6 4 2 010000001
6 4 2 100001000
7 4 3 001100010
7 5 2 001000100
7 1 5 001101011
4 2 2 001100000
5 2 3 000110010
5 3 2 000010100
5 3 2 010001000
5 4 1 001000000
6 3 2 000010100
6 4 2 000000011
6 5 1 000001000
6 4 2 100100000
6 5 1 010000000
6 3 3 000100101
6 4 2 000000011
6 5 1 000001000
6 3 3 100000110
6 4 2 100100000
6 5 1 010000000
6 2 4 001001101
5 3 2 000010100
6 4 2 000000011
6 5 1 000001000
6 4 2 100100000
6 5 1 010000000
6 3 3 001000110
6 4 2 001100000
6 3 3 010000101
6 2 2 001100000
6 3 3 001000110
6 4 2 001100000
6 3 3 010101000
6 4 2 000010010
6 4 2 001100000
6 4 2 100001000
6 3 3 111000000
5 4 1 000010000
6 4 2 001100000
6 4 2 100001000
6 2 4 010100011
6 3 3 000011001
5 4 1 001000000
6 4 2 000010010
6 3 3 010000101
6 3 3 010101000
6 4 2 000010010
6 4 2 001100000
6 4 2 100001000
6 3 3 100000011
6 4 2 100001000
6 2 4 011010001
5 3 2 010001000
5 4 1 001000000
5 3 2 100000001
6 3 3 000011001
5 4 1 001000000
6 4 2 000010010
7 5 2 000000101
7 4 3 000001110
7 5 2 000000101
7 5 2 000101000
7 4 1 001000000
7 5 2 010001000
7 6 1 001000000
7 3 2 010001000
5 4 1 001000000
7 5 2 010001000
7 6 1 001000000
7 4 3 000110010
7 5 2 000010100
7 5 2 010001000
7 6 1 001000000
7 4 3 010000011
7 5 2 010001000
7 6 1 001000000
7 4 3 100101000
7 5 2 010001000
7 6 1 001000000
7 3 4 011000110
7 4 3 000001110
7 5 2 000000101
7 5 2 000101000
7 4 3 011100000
7 5 2 000101000
7 5 2 101000000
7 3 2 100000001
7 4 3 010100001
7 5 2 100000001
7 4 3 100001010
7 5 2 100000001
7 2 3 000110010
5 3 2 000010100
5 3 2 010001000
5 4 1 001000000
6 3 2 000010100
6 4 2 000000011
6 5 1 000001000
6 4 2 100100000
6 5 1 010000000
6 3 3 000100101
6 4 2 000000011
6 5 1 000001000
6 3 3 100000110
6 4 2 100100000
6 5 1 010000000
7 5 2 000010100
7 4 3 000110010
7 5 2 000010100
7 5 2 010001000
7 6 1 001000000
7 4 3 100010001
7 3 2 000010100
6 4 2 000000011
6 5 1 000001000
6 4 2 100100000
6 5 1 010000000
7 5 2 000010100
7 4 2 000000011
6 5 1 000001000
7 5 2 000010100
7 4 3 000110010
7 5 2 000010100
7 5 2 010001000
7 6 1 001000000
7 3 3 000100101
6 4 2 000000011
6 5 1 000001000
7 5 2 000010100
7 4 3 000110010
7 5 2 000010100
7 5 2 010001000
7 6 1 001000000
7 4 3 100010001
7 3 4 000111001
6 4 2 001100000
7 4 3 000110010
7 5 2 000010100
7 5 2 010001000
7 6 1 001000000
7 4 3 010000011
7 5 2 010001000
7 6 1 001000000
7 3 2 010001000
5 4 1 001000000
7 5 2 010001000
7 6 1 001000000
7 4 3 000110010
7 5 2 000010100
7 5 2 010001000
7 6 1 001000000
7 4 3 010000011
7 5 2 010001000
7 6 1 001000000
7 4 3 100101000
7 5 2 010001000
7 6 1 001000000
7 3 4 110010010
6 4 2 001000010
7 4 3 000110010
7 5 2 000010100
7 5 2 010001000
7 6 1 001000000
7 4 3 100101000
7 5 2 010001000
7 6 1 001000000
7 2 4 001001101
5 3 2 000010100
6 4 2 000000011
6 5 1 000001000
6 4 2 100100000
6 5 1 010000000
6 3 3 001000110
6 4 2 001100000
6 3 3 010000101
7 4 3 010010010
7 5 2 000101000
7 3 2 000010100
6 4 2 000000011
6 5 1 000001000
6 4 2 100100000
6 5 1 010000000
7 5 2 000010100
7 4 2 000000011
6 5 1 000001000
7 5 2 000010100
7 4 3 000110010
7 5 2 000010100
7 5 2 010001000
7 6 1 001000000
7 3 3 001000110
6 4 2 001100000
7 4 3 001010001
6 5 1 000001000
7 3 4 001011010
6 4 2 000000011
6 5 1 000001000
7 5 2 000010100
7 4 3 001010001
6 5 1 000001000
7 4 3 010010010
7 5 2 000101000
7 4 3 011100000
7 5 2 000101000
7 5 2 101000000
7 2 2 001100000
6 3 3 001000110
6 4 2 001100000
6 3 3 010101000
6 4 2 000010010
6 4 2 001100000
6 4 2 100001000
6 3 3 111000000
5 4 1 000010000
6 4 2 001100000
6 4 2 100001000
7 3 4 000111001
6 4 2 001100000
7 4 3 000110010
7 5 2 000010100
7 5 2 010001000
7 6 1 001000000
7 4 3 010000011
7 5 2 010001000
7 6 1 001000000
7 3 3 001000110
6 4 2 001100000
7 4 3 001010001
6 5 1 000001000
7 3 3 010101000
6 4 2 000010010
6 4 2 001100000
6 4 2 100001000
7 4 2 000010010
7 5 2 000000101
7 3 4 101010100
6 4 2 001100000
6 4 2 010000100
7 3 4 110110000
5 4 1 000010000
6 4 2 001100000
6 4 2 010000100
7 4 3 100001010
7 5 2 100000001
7 2 5 001111100
6 3 3 000100101
6 4 2 000000011
6 5 1 000001000
6 3 3 101001000
6 4 2 110000000
6 5 1 000100000
7 5 2 001010000
7 4 3 010011000
7 5 2 000100010
7 6 1 000000100
7 5 2 001010000
7 4 3 100010001
7 3 3 000100101
6 4 2 000000011
6 5 1 000001000
7 5 2 000010100
7 4 3 000110010
7 5 2 000010100
7 5 2 010001000
7 6 1 001000000
7 4 3 100010001
7 3 4 001011010
6 4 2 000000011
6 5 1 000001000
7 5 2 000010100
7 4 3 001010001
6 5 1 000001000
7 4 3 010010010
7 5 2 000101000
7 4 3 011100000
7 5 2 000101000
7 5 2 101000000
7 3 4 010110100
6 4 2 110000000
6 5 1 000100000
7 5 2 001010000
7 4 3 000001110
7 5 2 000000101
7 5 2 000101000
7 4 3 010010010
7 5 2 000101000
7 4 3 100010100
6 5 1 000100000
7 3 4 011000110
7 4 3 000001110
7 5 2 000000101
7 5 2 000101000
7 4 3 011100000
7 5 2 000101000
7 5 2 101000000
7 2 4 010100011
6 3 3 000011001
5 4 1 001000000
6 4 2 000010010
6 3 3 010000101
6 3 3 010101000
6 4 2 000010010
6 4 2 001100000
6 4 2 100001000
6 3 3 100000011
6 4 2 100001000
7 4 3 100010100
6 5 1 000100000
7 3 3 000011001
5 4 1 001000000
6 4 2 000010010
7 5 2 000000101
7 4 3 000001110
7 5 2 000000101
7 5 2 000101000
7 4 1 001000000
7 5 2 010001000
7 6 1 001000000
7 3 3 010000101
7 4 3 010010010
7 5 2 000101000
7 3 3 010101000
6 4 2 000010010
6 4 2 001100000
6 4 2 100001000
7 4 2 000010010
7 5 2 000000101
7 3 4 010110100
6 4 2 110000000
6 5 1 000100000
7 5 2 001010000
7 4 3 000001110
7 5 2 000000101
7 5 2 000101000
7 4 3 010010010
7 5 2 000101000
7 4 3 100010100
6 5 1 000100000
7 1 3 100000011
4 2 2 100001000
5 2 3 100010100
4 3 1 000100000
6 4 2 000000110
6 5 1 000100000
6 4 2 110000000
6 5 1 000100000
6 3 3 011000100
6 4 2 000001100
6 3 3 100000011
6 4 2 100001000
6 2 4 010100011
6 3 3 000011001
5 4 1 001000000
6 4 2 000010010
6 3 3 010000101
6 3 3 010101000
6 4 2 000010010
6 4 2 001100000
6 4 2 100001000
6 3 3 100000011
6 4 2 100001000
6 2 2 100001000
6 3 3 010101000
6 4 2 000010010
6 4 2 001100000
6 4 2 100001000
6 3 3 100000011
6 4 2 100001000
6 3 3 111000000
5 4 1 000010000
6 4 2 001100000
6 4 2 100001000
6 2 4 100100101
5 3 2 000010001
6 4 2 000000110
6 5 1 000100000
6 4 2 001001000
6 5 1 010000000
6 3 3 010000101
6 3 3 100000011
6 4 2 100001000
7 4 3 100010100
6 5 1 000100000
7 3 2 000010001
6 4 2 000000110
6 5 1 000100000
6 4 2 001001000
6 5 1 010000000
7 5 2 000010001
7 4 2 000000110
6 5 1 000100000
7 5 2 000010001
7 4 3 000011010
7 5 2 000010001
7 5 2 010100000
7 6 1 100000000
7 3 3 010000101
7 4 3 010010010
7 5 2 000101000
7 3 4 100110010
6 4 2 000000110
6 5 1 000100000
7 5 2 000010001
7 4 3 010010010
7 5 2 000101000
7 4 3 100010100
6 5 1 000100000
7 4 3 110001000
7 5 2 000101000
7 5 2 101000000
7 2 5 000110111
4 3 1 000100000
5 3 2 000010001
6 4 2 000000110
6 5 1 000100000
6 4 2 001001000
6 5 1 010000000
6 3 1 000100000
6 4 2 000000110
6 5 1 000100000
6 4 2 110000000
6 5 1 000100000
6 3 3 100000011
6 4 2 100001000
7 4 3 100010100
6 5 1 000100000
7 3 2 000010001
6 4 2 000000110
6 5 1 000100000
6 4 2 001001000
6 5 1 010000000
7 5 2 000010001
7 4 2 000000110
6 5 1 000100000
7 5 2 000010001
7 4 3 000011010
7 5 2 000010001
7 5 2 010100000
7 6 1 100000000
7 3 1 000100000
6 4 2 000000110
6 5 1 000100000
6 4 2 110000000
6 5 1 000100000
7 5 2 001010000
7 4 2 000000110
6 5 1 000100000
7 5 2 000010001
7 4 3 100010100
6 5 1 000100000
7 3 4 000111100
6 4 2 100001000
7 4 3 000011010
7 5 2 000010001
7 5 2 010100000
7 6 1 100000000
7 4 3 010000110
7 5 2 010100000
7 6 1 100000000
7 3 4 010001101
7 4 3 001000101
7 4 3 010000110
7 5 2 010100000
7 6 1 100000000
7 2 4 010100011
6 3 3 000011001
5 4 1 001000000
6 4 2 000010010
6 3 3 010000101
6 3 3 010101000
6 4 2 000010010
6 4 2 001100000
6 4 2 100001000
6 3 3 100000011
6 4 2 100001000
7 4 3 100010100
6 5 1 000100000
7 3 3 000011001
5 4 1 001000000
6 4 2 000010010
7 5 2 000000101
7 4 3 000001110
7 5 2 000000101
7 5 2 000101000
7 4 1 001000000
7 5 2 010001000
7 6 1 001000000
7 3 3 010000101
7 4 3 010010010
7 5 2 000101000
7 3 3 010101000
6 4 2 000010010
6 4 2 001100000
6 4 2 100001000
7 4 2 000010010
7 5 2 000000101
7 3 4 010110100
6 4 2 110000000
6 5 1 000100000
7 5 2 001010000
7 4 3 000001110
7 5 2 000000101
7 5 2 000101000
7 4 3 010010010
7 5 2 000101000
7 4 3 100010100
6 5 1 000100000
7 2 5 011010011
6 3 3 010001010
6 4 2 000110000
6 4 2 001000010
6 4 2 010000001
6 3 3 011000100
6 4 2 000001100
6 3 3 100000011
6 4 2 100001000
7 4 3 100010100
6 5 1 000100000
7 3 4 000011011
5 4 1 000010000
6 4 2 000001100
6 4 2 001000010
7 4 3 010100001
7 5 2 100000001
7 3 4 001101001
6 4 2 000110000
7 5 2 100000100
7 4 3 001100010
7 5 2 001000100
7 4 3 010100001
7 5 2 100000001
7 3 3 010001010
6 4 2 000110000
6 4 2 001000010
6 4 2 010000001
7 4 2 000110000
7 5 2 100000100
7 3 3 011000100
6 4 2 000001100
7 4 3 100010100
6 5 1 000100000
7 3 4 011011000
5 4 1 000010000
6 4 2 010000001
6 4 2 100001000
7 4 3 001100010
7 5 2 001000100
7 2 2 100001000
6 3 3 010101000
6 4 2 000010010
6 4 2 001100000
6 4 2 100001000
6 3 3 100000011
6 4 2 100001000
6 3 3 111000000
5 4 1 000010000
6 4 2 001100000
6 4 2 100001000
7 3 4 000111100
6 4 2 100001000
7 4 3 000011010
7 5 2 000010001
7 5 2 010100000
7 6 1 100000000
7 4 3 010000110
7 5 2 010100000
7 6 1 100000000
7 3 3 010101000
6 4 2 000010010
6 4 2 001100000
6 4 2 100001000
7 4 2 000010010
7 5 2 000000101
7 3 4 011011000
5 4 1 000010000
6 4 2 010000001
6 4 2 100001000
7 4 3 001100010
7 5 2 001000100
7 3 3 100000011
6 4 2 100001000
7 4 3 100010100
6 5 1 000100000
7 3 4 101010001
6 4 2 010000001
6 4 2 100001000
7 2 3 100010100
4 3 1 000100000
6 4 2 000000110
6 5 1 000100000
6 4 2 110000000
6 5 1 000100000
6 3 3 011000100
6 4 2 000001100
6 3 3 100000011
6 4 2 100001000
7 4 3 100010100
6 5 1 000100000
7 3 1 000100000
6 4 2 000000110
6 5 1 000100000
6 4 2 110000000
6 5 1 000100000
7 5 2 001010000
7 4 2 000000110
6 5 1 000100000
7 5 2 000010001
7 4 3 100010100
6 5 1 000100000
7 3 4 010110100
6 4 2 110000000
6 5 1 000100000
7 5 2 001010000
7 4 3 000001110
7 5 2 000000101
7 5 2 000101000
7 4 3 010010010
7 5 2 000101000
7 4 3 100010100
6 5 1 000100000
7 3 3 011000100
6 4 2 000001100
7 4 3 100010100
6 5 1 000100000
7 3 4 100110010
6 4 2 000000110
6 5 1 000100000
7 5 2 000010001
7 4 3 010010010
7 5 2 000101000
7 4 3 100010100
6 5 1 000100000
7 4 3 110001000
7 5 2 000101000
7 5 2 101000000
7 2 5 101011010
6 3 3 010001010
6 4 2 000110000
6 4 2 001000010
6 4 2 010000001
6 3 3 100000011
6 4 2 100001000
7 4 3 100010100
6 5 1 000100000
7 3 3 010001010
6 4 2 000110000
6 4 2 001000010
6 4 2 010000001
7 4 2 000110000
7 5 2 100000100
7 3 4 101010001
6 4 2 010000001
6 4 2 100001000
7 3 4 110010010
6 4 2 001000010
7 4 3 000110010
7 5 2 000010100
7 5 2 010001000
7 6 1 001000000
7 4 3 100101000
7 5 2 010001000
7 6 1 001000000
7 3 4 111100000
5 4 1 001000000
6 4 2 000110000
7 5 2 100000100
7 4 1 001000000
7 5 2 010001000
7 6 1 001000000
7 4 3 100101000
7 5 2 010001000
7 6 1 001000000
7 1 5 101110001
5 2 3 001000101
5 2 3 010100001
5 3 2 100000001
5 2 3 100101000
5 3 2 010001000
5 4 1 001000000
6 3 3 000011100
6 2 3 001000101
6 3 3 000011100
6 3 3 001010010
6 2 4 011010001
5 3 2 010001000
5 4 1 001000000
5 3 2 100000001
6 3 3 000011001
5 4 1 001000000
6 4 2 000010010
7 5 2 000000101
7 4 3 000001110
7 5 2 000000101
7 5 2 000101000
7 4 1 001000000
7 5 2 010001000
7 6 1 001000000
7 3 2 010001000
5 4 1 001000000
7 5 2 010001000
7 6 1 001000000
7 4 3 000110010
7 5 2 000010100
7 5 2 010001000
7 6 1 001000000
7 4 3 010000011
7 5 2 010001000
7 6 1 001000000
7 4 3 100101000
7 5 2 010001000
7 6 1 001000000
7 3 4 011000110
7 4 3 000001110
7 5 2 000000101
7 5 2 000101000
7 4 3 011100000
7 5 2 000101000
7 5 2 101000000
7 3 2 100000001
7 4 3 010100001
7 5 2 100000001
7 4 3 100001010
7 5 2 100000001
7 2 3 001000101
6 3 3 000011100
6 3 3 001010010
7 4 3 000001011
5 5 0 000000000
