2 0 2 1010010111001010
3 1 2 0010100101001010
3 2 1 0001100001001010
3 2 1 0010000110000010
3 2 1 0010100100000100
3 1 2 0100000111001010
3 2 1 0100000101000110
3 2 1 0100000110000100
3 2 1 0100100100000010
3 1 2 0110110111001010
3 2 1 0110010100000010
3 1 2 1000001011101010
3 2 1 1000000010011000
3 2 1 1000001010100100
3 2 1 1000101000100010
3 1 2 1001010011001010
3 2 1 0001100001001010
3 2 1 1001010010000100
3 2 1 1001110000000010
3 1 2 1010000100101110
3 2 1 1010000100001001
3 2 1 1010000101100000
3 1 2 1010010011111011
3 1 2 1010010101000110
3 2 1 0100000101000110
3 2 1 1010010100001000
3 1 2 1010010110000100
3 2 1 0010100100000100
3 2 1 0100000110000100
3 2 1 1000001010100100
3 2 1 1001010010000100
3 2 1 1010000101100000
3 2 1 1010010100001000
3 1 2 1010010111011001
3 1 2 1010010111101101
3 2 1 1010000100001001
3 1 2 1010011110111000
3 2 1 1000000010011000
3 1 2 1010110100000010
3 2 1 0010000110000010
3 2 1 0100100100000010
3 2 1 0110010100000010
3 2 1 1000101000100010
3 2 1 1001110000000010
3 1 2 1011011011011010
3 1 2 1101011111001010
3 1 2 1110101110001010
4 2 2 0000111110001010
4 3 1 0000011101000010
4 3 1 1000001100001010
4 2 2 0010001110001010
4 3 1 0000010010101010
4 3 1 0001001010001010
4 3 1 0010001100000110
4 2 2 0110011100001010
4 3 1 0001010100001010
4 3 1 0100000000101010
4 3 1 1000001100001010
4 2 2 1001100110001010
4 3 1 0001010100001010
4 3 1 1001000101000010
4 2 2 1010010111001010
4 2 2 1100110010101010
4 3 1 0000010010101010
4 3 1 0100000000101010
4 2 2 1101101010001010
4 3 1 0001001010001010
4 2 2 1110001101000010
4 3 1 0000011101000010
4 3 1 1001000101000010
4 2 2 1110100111111000
4 2 2 1110101100000110
4 3 1 0010001100000110
4 2 2 1110101110011001
4 2 2 1110101111000100
4 2 2 1111100010011010
4 1 2 0010100101001010
4 2 2 0000111001101010
4 3 1 0000011010100010
4 3 1 0000110000011000
4 3 1 0000111000100100
4 3 1 0100000000101010
4 2 1 0001100001001010
4 3 1 0001000010000010
4 3 1 0001100000000100
4 2 1 0010000110000010
4 3 1 0000011010100010
4 3 1 0001000010000010
4 3 1 0010000100001110
4 3 1 0010000110010001
4 2 2 0010100001111011
4 3 1 0010100001101000
4 3 1 0010101000001001
4 2 1 0010100100000100
4 3 1 0000111000100100
4 3 1 0001100000000100
4 3 1 0010100110001000
4 3 1 1110000100000100
4 2 2 0010100101011001
4 3 1 0010000110010001
4 3 1 0010100001101000
4 2 2 0010100101101101
4 2 2 0010100111000110
4 3 1 0010000100001110
4 3 1 0010100110001000
4 2 2 0010101100111000
4 3 1 0000110000011000
4 3 1 0010101000001001
4 3 1 0011100000101000
4 2 2 0010110110101110
4 2 2 0011101001011010
4 3 1 0011100000101000
4 2 2 0101101101001010
4 3 1 0001010100001010
4 2 2 0110011100001010
4 3 1 0001010100001010
4 3 1 0100000000101010
4 3 1 1000001100001010
4 2 2 1010010111001010
4 2 2 1100110101001010
4 3 1 0000010101001010
4 3 1 1000001100001010
4 2 2 1110000101001010
4 3 1 0000010101001010
4 3 1 1110000100000100
4 1 2 0100000111001010
4 2 2 0000111110001010
4 3 1 0000011101000010
4 3 1 1000001100001010
4 2 2 0011001111001010
4 3 1 0000001011001010
4 2 2 0100000011111011
4 3 1 0100000011101000
4 3 1 0100001010001001
4 2 1 0100000101000110
4 3 1 0100000100001000
4 3 1 0100000101100001
4 2 1 0100000110000100
4 3 1 0100000100001000
4 3 1 0100010101100000
4 3 1 0111000010000100
4 3 1 1000100110000100
4 2 2 0100000111011001
4 3 1 0100000011101000
4 3 1 0100100100010001
4 2 2 0100000111101101
4 3 1 0100000101100001
4 3 1 0100010100001001
4 2 2 0100001110111000
4 3 1 0100001010001001
4 3 1 0101000010101000
4 2 2 0100010100101110
4 3 1 0100010100001001
4 3 1 0100010101100000
4 2 1 0100100100000010
4 3 1 0000011101000010
4 3 1 0100100100010001
4 3 1 0111100000000010
4 3 1 1000000100000010
4 2 2 0101001011011010
4 3 1 0101000010101000
4 2 2 0110011011101010
4 2 2 0111000011001010
4 3 1 0000001011001010
4 3 1 0111000010000100
4 3 1 0111100000000010
4 2 2 1000100111001010
4 3 1 0000010101001010
4 3 1 1000000100000010
4 3 1 1000100110000100
4 2 2 1010010111001010
4 2 2 1100110101001010
4 3 1 0000010101001010
4 3 1 1000001100001010
4 1 2 0110110111001010
4 2 2 0001111111001010
4 3 1 0001011100000010
4 2 2 0010001110001010
4 3 1 0000010010101010
4 3 1 0001001010001010
4 3 1 0010001100000110
4 2 2 0100101011101010
4 3 1 0000010010101010
4 3 1 0100001000100010
4 3 1 0100100010011000
4 2 2 0101110011001010
4 3 1 0001001010001010
4 3 1 0101010000000010
4 2 1 0110010100000010
4 3 1 0001011100000010
4 3 1 0100001000100010
4 3 1 0101010000000010
4 3 1 1000000100000010
4 2 2 0110100100101110
4 2 2 0110110101000110
4 3 1 0010001100000110
4 2 2 0110110110000100
4 3 1 1000100110000100
4 3 1 1110000100000100
4 2 2 0110110111011001
4 2 2 0110111110111000
4 3 1 0100100010011000
4 2 2 1000100111001010
4 3 1 0000010101001010
4 3 1 1000000100000010
4 3 1 1000100110000100
4 2 2 1010010111001010
4 2 2 1110000101001010
4 3 1 0000010101001010
4 3 1 1110000100000100
4 1 2 1000001011101010
4 2 2 0000111001101010
4 3 1 0000011010100010
4 3 1 0000110000011000
4 3 1 0000111000100100
4 3 1 0100000000101010
4 2 2 0100101011101010
4 3 1 0000010010101010
4 3 1 0100001000100010
4 3 1 0100100010011000
4 2 2 0110011011101010
4 2 1 1000000010011000
4 3 1 0000110000011000
4 3 1 0100100010011000
4 3 1 1000000000010100
4 3 1 1000000010001011
4 3 1 1000100001010000
4 2 2 1000001001100110
4 3 1 1000000000010100
4 3 1 1000001000101000
4 3 1 1000001001000001
4 3 1 1000011010000010
4 2 1 1000001010100100
4 3 1 0000111000100100
4 3 1 1000001000101000
4 3 1 1000001010000011
4 3 1 1000011001000000
4 2 2 1000001011001101
4 3 1 1000001001000001
4 3 1 1000001010000011
4 3 1 1000101000000101
4 2 2 1000001011111001
4 3 1 1000000010001011
4 2 2 1000001111011011
4 2 2 1000011000001110
4 3 1 1000011001000000
4 3 1 1000011010000010
4 2 1 1000101000100010
4 3 1 0000011010100010
4 3 1 0100001000100010
4 3 1 1000100001010000
4 3 1 1000101000000101
4 2 2 1001000111111010
4 2 2 1010010111001010
4 2 2 1011001111101010
4 2 2 1100110010101010
4 3 1 0000010010101010
4 3 1 0100000000101010
4 2 2 1111000011101010
4 1 2 1001010011001010
4 2 1 0001100001001010
4 3 1 0001000010000010
4 3 1 0001100000000100
4 2 2 0101110011001010
4 3 1 0001001010001010
4 3 1 0101010000000010
4 2 2 0111000011001010
4 3 1 0000001011001010
4 3 1 0111000010000100
4 3 1 0111100000000010
4 2 2 1000011111011010
4 2 2 1001000000101110
4 3 1 1001000000001001
4 3 1 1001000001100000
4 3 1 1001000010100010
4 2 2 1001010001000110
4 3 1 1001000010100010
4 3 1 1001010000001000
4 2 1 1001010010000100
4 3 1 0001100000000100
4 3 1 0111000010000100
4 3 1 1001000001100000
4 3 1 1001010000001000
4 2 2 1001010011011001
4 2 2 1001010011101101
4 3 1 1001000000001001
4 2 2 1001011010111000
4 2 1 1001110000000010
4 3 1 0001000010000010
4 3 1 0101010000000010
4 3 1 0111100000000010
4 2 2 1010010111001010
4 2 2 1011001111101010
4 2 2 1101101010001010
4 3 1 0001001010001010
4 2 2 1110011011001010
4 3 1 0000001011001010
4 1 2 1010000100101110
4 2 2 0010110110101110
4 2 2 0100010100101110
4 3 1 0100010100001001
4 3 1 0100010101100000
4 2 2 0110100100101110
4 2 2 1000011000001110
4 3 1 1000011001000000
4 3 1 1000011010000010
4 2 2 1001000000101110
4 3 1 1001000000001001
4 3 1 1001000001100000
4 3 1 1001000010100010
4 2 2 1010000000011111
4 3 1 1010000000001100
4 3 1 1010000000111000
4 3 1 1010000001010001
4 2 1 1010000100001001
4 3 1 0100010100001001
4 3 1 1001000000001001
4 3 1 1010000000111000
4 2 2 1010000100111101
4 3 1 1010000000001100
4 2 1 1010000101100000
4 3 1 0100010101100000
4 3 1 1000011001000000
4 3 1 1001000001100000
4 3 1 1010000001010001
4 2 2 1010000110100010
4 3 1 1000011010000010
4 3 1 1001000010100010
4 2 2 1010001101011100
4 2 2 1010010111001010
4 2 2 1010100111100110
4 2 2 1011001000111110
4 2 2 1101001100101110
4 1 2 1010010011111011
4 2 2 0010100001111011
4 3 1 0010100001101000
4 3 1 0010101000001001
4 2 2 0100000011111011
4 3 1 0100000011101000
4 3 1 0100001010001001
4 2 2 1000001111011011
4 2 2 1010000000011111
4 3 1 1010000000001100
4 3 1 1010000000111000
4 3 1 1010000001010001
4 2 2 1010010001110111
4 3 1 1010010001010000
4 2 2 1010010010110101
4 3 1 1010000001010001
4 2 2 1010010011011100
4 3 1 1010000000111000
4 3 1 1010010001010000
4 2 2 1010010011101000
4 3 1 0010100001101000
4 3 1 0100000011101000
4 3 1 1010000000001100
4 3 1 1010110000100000
4 2 2 1010010111001010
4 2 2 1010011010001001
4 3 1 0010101000001001
4 3 1 0100001010001001
4 2 2 1010110000110011
4 3 1 1010110000100000
4 1 2 1010010101000110
4 2 2 0010100111000110
4 3 1 0010000100001110
4 3 1 0010100110001000
4 2 1 0100000101000110
4 3 1 0100000100001000
4 3 1 0100000101100001
4 2 2 0110110101000110
4 3 1 0010001100000110
4 2 2 1000001001100110
4 3 1 1000000000010100
4 3 1 1000001000101000
4 3 1 1000001001000001
4 3 1 1000011010000010
4 2 2 1001010001000110
4 3 1 1001000010100010
4 3 1 1001010000001000
4 2 2 1010000110100010
4 3 1 1000011010000010
4 3 1 1001000010100010
4 2 2 1010010001110111
4 3 1 1010010001010000
4 2 1 1010010100001000
4 3 1 0010100110001000
4 3 1 0100000100001000
4 3 1 1000001000101000
4 3 1 1001010000001000
4 2 2 1010010101010101
4 2 2 1010010101100001
4 3 1 0100000101100001
4 3 1 1000001001000001
4 3 1 1010010001010000
4 2 2 1010010111001010
4 2 2 1010011100110100
4 3 1 1000000000010100
4 2 2 1010110110001110
4 3 1 0010000100001110
4 2 2 1011011001010110
4 2 2 1101011101000110
4 2 2 1110101100000110
4 3 1 0010001100000110
4 1 2 1010010110000100
4 2 1 0010100100000100
4 3 1 0000111000100100
4 3 1 0001100000000100
4 3 1 0010100110001000
4 3 1 1110000100000100
4 2 1 0100000110000100
4 3 1 0100000100001000
4 3 1 0100010101100000
4 3 1 0111000010000100
4 3 1 1000100110000100
4 2 2 0110110110000100
4 3 1 1000100110000100
4 3 1 1110000100000100
4 2 1 1000001010100100
4 3 1 0000111000100100
4 3 1 1000001000101000
4 3 1 1000001010000011
4 3 1 1000011001000000
4 2 1 1001010010000100
4 3 1 0001100000000100
4 3 1 0111000010000100
4 3 1 1001000001100000
4 3 1 1001010000001000
4 2 1 1010000101100000
4 3 1 0100010101100000
4 3 1 1000011001000000
4 3 1 1001000001100000
4 3 1 1010000001010001
4 2 2 1010010010110101
4 3 1 1010000001010001
4 2 1 1010010100001000
4 3 1 0010100110001000
4 3 1 0100000100001000
4 3 1 1000001000101000
4 3 1 1001010000001000
4 2 2 1010010110010111
4 2 2 1010010110100011
4 3 1 1000001010000011
4 2 2 1010010111001010
4 2 2 1010110101001100
4 2 2 1011011010010100
4 2 2 1101011110000100
4 2 2 1110101111000100
4 1 2 1010010111011001
4 2 2 0010100101011001
4 3 1 0010000110010001
4 3 1 0010100001101000
4 2 2 0100000111011001
4 3 1 0100000011101000
4 3 1 0100100100010001
4 2 2 0110110111011001
4 2 2 1000001011111001
4 3 1 1000000010001011
4 2 2 1001010011011001
4 2 2 1010000100111101
4 3 1 1010000000001100
4 2 2 1010010011101000
4 3 1 0010100001101000
4 3 1 0100000011101000
4 3 1 1010000000001100
4 3 1 1010110000100000
4 2 2 1010010101010101
4 2 2 1010010110010111
4 2 2 1010010111001010
4 2 2 1010011110101011
4 3 1 1000000010001011
4 2 2 1010110100010001
4 3 1 0010000110010001
4 3 1 0100100100010001
4 3 1 1010110000100000
4 2 2 1011011011001001
4 2 2 1110101110011001
4 1 2 1010010111101101
4 2 2 0010100101101101
4 2 2 0100000111101101
4 3 1 0100000101100001
4 3 1 0100010100001001
4 2 2 1000001011001101
4 3 1 1000001001000001
4 3 1 1000001010000011
4 3 1 1000101000000101
4 2 2 1001010011101101
4 3 1 1001000000001001
4 2 1 1010000100001001
4 3 1 0100010100001001
4 3 1 1001000000001001
4 3 1 1010000000111000
4 2 2 1010010011011100
4 3 1 1010000000111000
4 3 1 1010010001010000
4 2 2 1010010101100001
4 3 1 0100000101100001
4 3 1 1000001001000001
4 3 1 1010010001010000
4 2 2 1010010110100011
4 3 1 1000001010000011
4 2 2 1010010111001010
4 2 2 1010110100100101
4 3 1 1000101000000101
4 1 2 1010011110111000
4 2 2 0010101100111000
4 3 1 0000110000011000
4 3 1 0010101000001001
4 3 1 0011100000101000
4 2 2 0100001110111000
4 3 1 0100001010001001
4 3 1 0101000010101000
4 2 2 0110111110111000
4 3 1 0100100010011000
4 2 1 1000000010011000
4 3 1 0000110000011000
4 3 1 0100100010011000
4 3 1 1000000000010100
4 3 1 1000000010001011
4 3 1 1000100001010000
4 2 2 1001011010111000
4 2 2 1010001101011100
4 2 2 1010010111001010
4 2 2 1010011010001001
4 3 1 0010101000001001
4 3 1 0100001010001001
4 2 2 1010011100110100
4 3 1 1000000000010100
4 2 2 1010011110101011
4 3 1 1000000010001011
4 2 2 1010111101110000
4 3 1 1000100001010000
4 2 2 1011010010101000
4 3 1 0011100000101000
4 3 1 0101000010101000
4 2 2 1101010110111000
4 2 2 1110100111111000
4 1 2 1010110100000010
4 2 1 0010000110000010
4 3 1 0000011010100010
4 3 1 0001000010000010
4 3 1 0010000100001110
4 3 1 0010000110010001
4 2 1 0100100100000010
4 3 1 0000011101000010
4 3 1 0100100100010001
4 3 1 0111100000000010
4 3 1 1000000100000010
4 2 1 0110010100000010
4 3 1 0001011100000010
4 3 1 0100001000100010
4 3 1 0101010000000010
4 3 1 1000000100000010
4 2 1 1000101000100010
4 3 1 0000011010100010
4 3 1 0100001000100010
4 3 1 1000100001010000
4 3 1 1000101000000101
4 2 1 1001110000000010
4 3 1 0001000010000010
4 3 1 0101010000000010
4 3 1 0111100000000010
4 2 2 1010010111001010
4 2 2 1010100111100110
4 2 2 1010110000110011
4 3 1 1010110000100000
4 2 2 1010110100010001
4 3 1 0010000110010001
4 3 1 0100100100010001
4 3 1 1010110000100000
4 2 2 1010110100100101
4 3 1 1000101000000101
4 2 2 1010110101001100
4 2 2 1010110110001110
4 3 1 0010000100001110
4 2 2 1010111101110000
4 3 1 1000100001010000
4 2 2 1011111000010010
4 2 2 1101111100000010
4 3 1 0001011100000010
4 3 1 1001000101000010
4 2 2 1110001101000010
4 3 1 0000011101000010
4 3 1 1001000101000010
4 1 2 1011011011011010
4 2 2 0011101001011010
4 3 1 0011100000101000
4 2 2 0101001011011010
4 3 1 0101000010101000
4 2 2 1000011111011010
4 2 2 1001000111111010
4 2 2 1010010111001010
4 2 2 1011001000111110
4 2 2 1011010010101000
4 3 1 0011100000101000
4 3 1 0101000010101000
4 2 2 1011011001010110
4 2 2 1011011010010100
4 2 2 1011011011001001
4 2 2 1011111000010010
4 2 2 1100010011011010
4 2 2 1111100010011010
4 1 2 1101011111001010
4 2 2 0001111111001010
4 3 1 0001011100000010
4 2 2 0011001111001010
4 3 1 0000001011001010
4 2 2 0101101101001010
4 3 1 0001010100001010
4 2 2 1001100110001010
4 3 1 0001010100001010
4 3 1 1001000101000010
4 2 2 1010010111001010
4 2 2 1100010011011010
4 2 2 1101001100101110
4 2 2 1101010110111000
4 2 2 1101011101000110
4 2 2 1101011110000100
4 2 2 1101111100000010
4 3 1 0001011100000010
4 3 1 1001000101000010
4 2 2 1110011011001010
4 3 1 0000001011001010
4 2 2 1111000011101010
5 3 2 0001010011101010
5 4 1 0001000000001110
5 4 1 0001010010100100
5 4 1 0001110000100010
5 3 2 0011100011101010
5 4 1 0011000000100010
5 3 2 0111110001101010
5 3 2 1000001011101010
5 4 1 1000000010011000
5 4 1 1000001010100100
5 4 1 1000101000100010
5 3 2 1011111010101010
5 3 2 1100000111101010
5 3 2 1101011111001010
5 3 2 1111000001100110
5 3 2 1111000010100100
5 4 1 0001010010100100
5 4 1 1000001010100100
5 3 2 1111000011001101
5 3 2 1111000011111001
5 3 2 1111001010011000
5 4 1 1000000010011000
5 3 2 1111010000001110
5 4 1 0001000000001110
5 3 2 1111100000100010
5 4 1 0001110000100010
5 4 1 0011000000100010
5 4 1 1000101000100010
5 2 2 0001111111001010
5 3 2 0000110011011010
5 4 1 0000010000010010
5 4 1 0000110010010100
5 4 1 1000000001011010
5 3 1 0001011100000010
5 4 1 0000010000010010
5 4 1 0010011000000010
5 4 1 0011000000100010
5 4 1 0110010100000010
5 3 2 0001101100101110
5 3 2 0001110110111000
5 3 2 0001111101000110
5 4 1 0101000100000110
5 3 2 0001111110000100
5 4 1 0000110010010100
5 4 1 1001001100000100
5 3 2 0001111111011001
5 3 2 0010111011001010
5 4 1 0010011000000010
5 4 1 0110000010001010
5 3 2 0011100011101010
5 4 1 0011000000100010
5 3 2 0101000110001010
5 4 1 0101000100000110
5 4 1 0110000010001010
5 3 2 0110110111001010
5 4 1 0110010100000010
5 3 2 1001001101001010
5 4 1 1000000001011010
5 4 1 1001001100000100
5 3 2 1101011111001010
5 2 2 0011001111001010
5 3 1 0000001011001010
5 4 1 0000000010111000
5 4 1 0000001001000110
5 4 1 0000001010000100
5 4 1 0000101000000010
5 3 2 0001010011101010
5 4 1 0001000000001110
5 4 1 0001010010100100
5 4 1 0001110000100010
5 3 2 0010000011011010
5 4 1 0010000001010110
5 4 1 0010000010010100
5 4 1 0010000011001001
5 4 1 0010001010101000
5 4 1 0010100000010010
5 3 2 0011000110111000
5 4 1 0000000010111000
5 4 1 0010001010101000
5 4 1 0011000010001001
5 3 2 0011001011111011
5 4 1 0011000010001001
5 3 2 0011001101000110
5 4 1 0000001001000110
5 4 1 0010000001010110
5 4 1 0011001100001000
5 4 1 0100000101000110
5 3 2 0011001110000100
5 4 1 0000001010000100
5 4 1 0001010010100100
5 4 1 0010000010010100
5 4 1 0011001100001000
5 4 1 0100000110000100
5 3 2 0011001111011001
5 4 1 0010000011001001
5 3 2 0011001111101101
5 3 2 0011011100101110
5 4 1 0001000000001110
5 3 2 0011101100000010
5 4 1 0000101000000010
5 4 1 0001110000100010
5 4 1 0010100000010010
5 4 1 0100100100000010
5 3 2 0100000111001010
5 4 1 0100000101000110
5 4 1 0100000110000100
5 4 1 0100100100000010
5 3 2 0111110110001010
5 3 2 1011111101001010
5 3 2 1101011111001010
5 2 2 0101101101001010
5 3 1 0001010100001010
5 4 1 0000011000011010
5 4 1 0001010101000100
5 4 1 0010010000001010
5 3 2 0010100101001010
5 4 1 0001100001001010
5 4 1 0010000110000010
5 4 1 0010100100000100
5 3 2 0100100001011010
5 4 1 0000011000011010
5 4 1 0100000010010010
5 4 1 0100100000010100
5 4 1 0100100001001001
5 4 1 0100101000101000
5 4 1 1000000001011010
5 3 2 0101001110000010
5 4 1 0010000110000010
5 4 1 0100000010010010
5 4 1 0110001010000010
5 3 2 0101100100111000
5 4 1 0100101000101000
5 4 1 0101100000001001
5 3 2 0101101001111011
5 4 1 0101100000001001
5 3 2 0101101100000100
5 4 1 0001010101000100
5 4 1 0010100100000100
5 4 1 0100100000010100
5 4 1 0110101000000100
5 4 1 1001001100000100
5 3 2 0101101101011001
5 4 1 0100100001001001
5 3 2 0101101101101101
5 3 2 0101101111000110
5 3 2 0110101001001010
5 4 1 0001100001001010
5 4 1 0010010000001010
5 4 1 0110001010000010
5 4 1 0110101000000100
5 3 2 0111110001101010
5 3 2 1001001101001010
5 4 1 1000000001011010
5 4 1 1001001100000100
5 3 2 1011111101001010
5 3 2 1101011111001010
5 2 2 1001100110001010
5 3 1 0001010100001010
5 4 1 0000011000011010
5 4 1 0001010101000100
5 4 1 0010010000001010
5 3 2 0101000110001010
5 4 1 0101000100000110
5 4 1 0110000010001010
5 3 2 0111110110001010
5 3 2 1000101010011010
5 4 1 0000011000011010
5 4 1 1000001001010010
5 3 1 1001000101000010
5 4 1 1000001001010010
5 4 1 1001000100001100
5 4 1 1010000001000010
5 3 2 1001100010111011
5 3 2 1001100100000110
5 4 1 0101000100000110
5 4 1 1010100000000110
5 3 2 1001100110011001
5 3 2 1001100110101101
5 3 2 1001100111000100
5 4 1 0001010101000100
5 4 1 1001000100001100
5 3 2 1001101111111000
5 3 2 1001110101101110
5 3 2 1010100010001010
5 4 1 0010010000001010
5 4 1 0110000010001010
5 4 1 1010000001000010
5 4 1 1010100000000110
5 3 2 1011111010101010
5 3 2 1101011111001010
5 3 2 1110101110001010
5 2 2 1010010111001010
5 3 2 0010100101001010
5 4 1 0001100001001010
5 4 1 0010000110000010
5 4 1 0010100100000100
5 3 2 0100000111001010
5 4 1 0100000101000110
5 4 1 0100000110000100
5 4 1 0100100100000010
5 3 2 0110110111001010
5 4 1 0110010100000010
5 3 2 1000001011101010
5 4 1 1000000010011000
5 4 1 1000001010100100
5 4 1 1000101000100010
5 3 2 1001010011001010
5 4 1 0001100001001010
5 4 1 1001010010000100
5 4 1 1001110000000010
5 3 2 1010000100101110
5 4 1 1010000100001001
5 4 1 1010000101100000
5 3 2 1010010011111011
5 3 2 1010010101000110
5 4 1 0100000101000110
5 4 1 1010010100001000
5 3 2 1010010110000100
5 4 1 0010100100000100
5 4 1 0100000110000100
5 4 1 1000001010100100
5 4 1 1001010010000100
5 4 1 1010000101100000
5 4 1 1010010100001000
5 3 2 1010010111011001
5 3 2 1010010111101101
5 4 1 1010000100001001
5 3 2 1010011110111000
5 4 1 1000000010011000
5 3 2 1010110100000010
5 4 1 0010000110000010
5 4 1 0100100100000010
5 4 1 0110010100000010
5 4 1 1000101000100010
5 4 1 1001110000000010
5 3 2 1011011011011010
5 3 2 1101011111001010
5 3 2 1110101110001010
5 2 2 1100010011011010
5 3 2 0000110011011010
5 4 1 0000010000010010
5 4 1 0000110010010100
5 4 1 1000000001011010
5 3 2 0010000011011010
5 4 1 0010000001010110
5 4 1 0010000010010100
5 4 1 0010000011001001
5 4 1 0010001010101000
5 4 1 0010100000010010
5 3 2 0100100001011010
5 4 1 0000011000011010
5 4 1 0100000010010010
5 4 1 0100100000010100
5 4 1 0100100001001001
5 4 1 0100101000101000
5 4 1 1000000001011010
5 3 2 1000101010011010
5 4 1 0000011000011010
5 4 1 1000001001010010
5 3 2 1011011011011010
5 3 2 1100000000111110
5 4 1 1100000000011001
5 4 1 1100000001110000
5 3 2 1100010001010110
5 4 1 0010000001010110
5 4 1 1100010000011000
5 3 2 1100010010010100
5 4 1 0000110010010100
5 4 1 0010000010010100
5 4 1 0100100000010100
5 4 1 1100000001110000
5 4 1 1100010000011000
5 3 2 1100010011001001
5 4 1 0010000011001001
5 4 1 0100100001001001
5 4 1 1100110000000001
5 3 2 1100010011111101
5 4 1 1100000000011001
5 3 2 1100010111101011
5 3 2 1100011010101000
5 4 1 0010001010101000
5 4 1 0100101000101000
5 3 2 1100110000010010
5 4 1 0000010000010010
5 4 1 0010100000010010
5 4 1 0100000010010010
5 4 1 1000001001010010
5 4 1 1100110000000001
5 3 2 1101011111001010
5 2 2 1101001100101110
5 3 2 0001101100101110
5 3 2 0011011100101110
5 4 1 0001000000001110
5 3 2 1001110101101110
5 3 2 1010000100101110
5 4 1 1010000100001001
5 4 1 1010000101100000
5 3 2 1100000000111110
5 4 1 1100000000011001
5 4 1 1100000001110000
5 3 2 1101000101011100
5 3 2 1101001000011111
5 3 2 1101001100001001
5 4 1 1010000100001001
5 4 1 1100000000011001
5 3 2 1101001100111101
5 3 2 1101001101100000
5 4 1 1010000101100000
5 4 1 1100000001110000
5 3 2 1101001110100010
5 3 2 1101011111001010
5 3 2 1110001000101110
5 3 2 1111010000001110
5 4 1 0001000000001110
5 2 2 1101010110111000
5 3 2 0001110110111000
5 3 2 0011000110111000
5 4 1 0000000010111000
5 4 1 0010001010101000
5 4 1 0011000010001001
5 3 2 0101100100111000
5 4 1 0100101000101000
5 4 1 0101100000001001
5 3 2 1001101111111000
5 3 2 1010011110111000
5 4 1 1000000010011000
5 3 2 1100011010101000
5 4 1 0010001010101000
5 4 1 0100101000101000
5 3 2 1101000101011100
5 3 2 1101010010001001
5 4 1 0011000010001001
5 4 1 0101100000001001
5 3 2 1101010100110100
5 3 2 1101010110101011
5 3 2 1101011111001010
5 3 2 1101110101110000
5 3 2 1110010010111000
5 4 1 0000000010111000
5 3 2 1111001010011000
5 4 1 1000000010011000
5 2 3 1101011011111011
5 3 2 0011001011111011
5 4 1 0011000010001001
5 3 2 0101101001111011
5 4 1 0101100000001001
5 3 2 1001100010111011
5 3 2 1010010011111011
5 3 2 1100010111101011
5 3 2 1101001000011111
5 3 2 1101010010001001
5 4 1 0011000010001001
5 4 1 0101100000001001
5 3 2 1101011010110101
5 3 2 1101011011011100
5 3 2 1101011011101000
5 3 2 1101011111001010
5 3 2 1101111000110011
5 2 2 1101011101000110
5 3 2 0001111101000110
5 4 1 0101000100000110
5 3 2 0011001101000110
5 4 1 0000001001000110
5 4 1 0010000001010110
5 4 1 0011001100001000
5 4 1 0100000101000110
5 3 2 0101101111000110
5 3 2 1001100100000110
5 4 1 0101000100000110
5 4 1 1010100000000110
5 3 2 1010010101000110
5 4 1 0100000101000110
5 4 1 1010010100001000
5 3 2 1100010001010110
5 4 1 0010000001010110
5 4 1 1100010000011000
5 3 2 1101001110100010
5 3 2 1101010100110100
5 3 2 1101011100001000
5 4 1 0011001100001000
5 4 1 1010010100001000
5 4 1 1100010000011000
5 3 2 1101011101010101
5 3 2 1101011101100001
5 3 2 1101011111001010
5 3 2 1110011001000110
5 4 1 0000001001000110
5 4 1 1010100000000110
5 3 2 1111000001100110
5 2 2 1101011110000100
5 3 2 0001111110000100
5 4 1 0000110010010100
5 4 1 1001001100000100
5 3 2 0011001110000100
5 4 1 0000001010000100
5 4 1 0001010010100100
5 4 1 0010000010010100
5 4 1 0011001100001000
5 4 1 0100000110000100
5 3 2 0101101100000100
5 4 1 0001010101000100
5 4 1 0010100100000100
5 4 1 0100100000010100
5 4 1 0110101000000100
5 4 1 1001001100000100
5 3 2 1001100111000100
5 4 1 0001010101000100
5 4 1 1001000100001100
5 3 2 1010010110000100
5 4 1 0010100100000100
5 4 1 0100000110000100
5 4 1 1000001010100100
5 4 1 1001010010000100
5 4 1 1010000101100000
5 4 1 1010010100001000
5 3 2 1100010010010100
5 4 1 0000110010010100
5 4 1 0010000010010100
5 4 1 0100100000010100
5 4 1 1100000001110000
5 4 1 1100010000011000
5 3 2 1101001101100000
5 4 1 1010000101100000
5 4 1 1100000001110000
5 3 2 1101011010110101
5 3 2 1101011100001000
5 4 1 0011001100001000
5 4 1 1010010100001000
5 4 1 1100010000011000
5 3 2 1101011110100011
5 3 2 1101011111001010
5 3 2 1101111101001100
5 4 1 1001000100001100
5 3 2 1110011010000100
5 4 1 0000001010000100
5 4 1 0110101000000100
5 4 1 1001010010000100
5 3 2 1111000010100100
5 4 1 0001010010100100
5 4 1 1000001010100100
5 2 3 1101011111011001
5 3 2 0001111111011001
5 3 2 0011001111011001
5 4 1 0010000011001001
5 3 2 0101101101011001
5 4 1 0100100001001001
5 3 2 1001100110011001
5 3 2 1010010111011001
5 3 2 1100010011001001
5 4 1 0010000011001001
5 4 1 0100100001001001
5 4 1 1100110000000001
5 3 2 1101001100111101
5 3 2 1101010110101011
5 3 2 1101011011101000
5 3 2 1101011101010101
5 3 2 1101011111001010
5 3 2 1101111100010001
5 4 1 1100110000000001
5 3 2 1110011011011001
5 3 2 1111000011111001
5 2 3 1101011111101101
5 3 2 0011001111101101
5 3 2 0101101101101101
5 3 2 1001100110101101
5 3 2 1010010111101101
5 4 1 1010000100001001
5 3 2 1100010011111101
5 4 1 1100000000011001
5 3 2 1101001100001001
5 4 1 1010000100001001
5 4 1 1100000000011001
5 3 2 1101011011011100
5 3 2 1101011101100001
5 3 2 1101011110100011
5 3 2 1101011111001010
5 3 2 1101111100100101
5 3 2 1111000011001101
5 2 2 1101111100000010
5 3 1 0001011100000010
5 4 1 0000010000010010
5 4 1 0010011000000010
5 4 1 0011000000100010
5 4 1 0110010100000010
5 3 2 0011101100000010
5 4 1 0000101000000010
5 4 1 0001110000100010
5 4 1 0010100000010010
5 4 1 0100100100000010
5 3 2 0101001110000010
5 4 1 0010000110000010
5 4 1 0100000010010010
5 4 1 0110001010000010
5 3 1 1001000101000010
5 4 1 1000001001010010
5 4 1 1001000100001100
5 4 1 1010000001000010
5 3 2 1010110100000010
5 4 1 0010000110000010
5 4 1 0100100100000010
5 4 1 0110010100000010
5 4 1 1000101000100010
5 4 1 1001110000000010
5 3 2 1100110000010010
5 4 1 0000010000010010
5 4 1 0010100000010010
5 4 1 0100000010010010
5 4 1 1000001001010010
5 4 1 1100110000000001
5 3 2 1101011111001010
5 3 2 1101110101110000
5 3 2 1101111000110011
5 3 2 1101111100010001
5 4 1 1100110000000001
5 3 2 1101111100100101
5 3 2 1101111101001100
5 4 1 1001000100001100
5 3 2 1110111000000010
5 4 1 0000101000000010
5 4 1 0010011000000010
5 4 1 0110001010000010
5 4 1 1001110000000010
5 4 1 1010000001000010
5 3 2 1111100000100010
5 4 1 0001110000100010
5 4 1 0011000000100010
5 4 1 1000101000100010
5 2 2 1110011011001010
5 3 1 0000001011001010
5 4 1 0000000010111000
5 4 1 0000001001000110
5 4 1 0000001010000100
5 4 1 0000101000000010
5 3 2 0010111011001010
5 4 1 0010011000000010
5 4 1 0110000010001010
5 3 2 0110101001001010
5 4 1 0001100001001010
5 4 1 0010010000001010
5 4 1 0110001010000010
5 4 1 0110101000000100
5 3 2 1001010011001010
5 4 1 0001100001001010
5 4 1 1001010010000100
5 4 1 1001110000000010
5 3 2 1010100010001010
5 4 1 0010010000001010
5 4 1 0110000010001010
5 4 1 1010000001000010
5 4 1 1010100000000110
5 3 2 1100000111101010
5 3 2 1101011111001010
5 3 2 1110001000101110
5 3 2 1110010010111000
5 4 1 0000000010111000
5 3 2 1110011001000110
5 4 1 0000001001000110
5 4 1 1010100000000110
5 3 2 1110011010000100
5 4 1 0000001010000100
5 4 1 0110101000000100
5 4 1 1001010010000100
5 3 2 1110011011011001
5 3 2 1110111000000010
5 4 1 0000101000000010
5 4 1 0010011000000010
5 4 1 0110001010000010
5 4 1 1001110000000010
5 4 1 1010000001000010
5 1 2 0010100101001010
5 2 2 0000111001101010
5 3 1 0000011010100010
5 4 1 0000001001000110
5 4 1 0000010011010000
5 4 1 0000011010000101
5 4 1 0010000110000010
5 4 1 1000101000100010
5 3 2 0000101010001110
5 4 1 0000001001000110
5 4 1 0000101000000010
5 4 1 0000101011000000
5 3 1 0000110000011000
5 4 1 0000010011010000
5 4 1 0000110000001011
5 4 1 0000110010010100
5 4 1 0100001001011000
5 4 1 1000000010011000
5 4 1 1100010000011000
5 3 1 0000111000100100
5 4 1 0000101011000000
5 4 1 0000111000000011
5 4 1 0010100100000100
5 4 1 0100000001100100
5 4 1 1000001010100100
5 3 2 0000111001001101
5 4 1 0000011010000101
5 4 1 0000111000000011
5 4 1 0100000000001101
5 3 2 0000111001111001
5 4 1 0000110000001011
5 4 1 0100000000111001
5 3 2 0000111011100110
5 4 1 0000101000000010
5 4 1 0000110010010100
5 4 1 0100000010100110
5 3 2 0000111101011011
5 3 2 0001110101111010
5 3 2 0010100101001010
5 4 1 0001100001001010
5 4 1 0010000110000010
5 4 1 0010100100000100
5 3 2 0011111101101010
5 4 1 0001100001001010
5 3 1 0100000000101010
5 4 1 0100000000001101
5 4 1 0100000000111001
5 4 1 0100000001100100
5 4 1 0100000010100110
5 4 1 0100001001011000
5 4 1 1000100000101010
5 3 2 0111110001101010
5 3 2 1000001011101010
5 4 1 1000000010011000
5 4 1 1000001010100100
5 4 1 1000101000100010
5 3 2 1100011001101010
5 4 1 1000100000101010
5 4 1 1100010000011000
5 3 2 1110101001101010
5 2 1 0001100001001010
5 3 2 0000101101011010
5 4 1 0000001110010010
5 4 1 0000100100101000
5 4 1 0000101100010100
5 4 1 0001100001001010
5 3 1 0001000010000010
5 4 1 0000001110010010
5 4 1 0001000000001110
5 4 1 0001000010010001
5 4 1 0001000010100101
5 4 1 0001000011001100
5 4 1 0001100001001010
5 4 1 0010000110000010
5 4 1 0110001010000010
5 4 1 1001110000000010
5 3 1 0001100000000100
5 4 1 0000101100010100
5 4 1 0001000011001100
5 4 1 0001100000100011
5 4 1 0001100001001010
5 4 1 0001100010001000
5 4 1 0010100100000100
5 4 1 0110101000000100
5 4 1 1001010010000100
5 4 1 1101000000000100
5 3 2 0001100001011001
5 4 1 0001000010010001
5 4 1 0001100001001010
5 3 2 0001100001101101
5 4 1 0001000010100101
5 4 1 0001100000100011
5 4 1 0001100001001010
5 3 2 0001100011000110
5 4 1 0001000000001110
5 4 1 0001100001001010
5 4 1 0001100010001000
5 4 1 0001110000100010
5 3 2 0001100101111011
5 4 1 0001100001001010
5 3 2 0001101000111000
5 4 1 0000100100101000
5 4 1 0001100001001010
5 3 2 0001110010101110
5 4 1 0001100001001010
5 4 1 0001110000100010
5 3 2 0010100101001010
5 4 1 0001100001001010
5 4 1 0010000110000010
5 4 1 0010100100000100
5 3 2 0011111101101010
5 4 1 0001100001001010
5 3 2 0101011000001010
5 4 1 0001100001001010
5 4 1 0010010000001010
5 3 2 0110101001001010
5 4 1 0001100001001010
5 4 1 0010010000001010
5 4 1 0110001010000010
5 4 1 0110101000000100
5 3 2 1001010011001010
5 4 1 0001100001001010
5 4 1 1001010010000100
5 4 1 1001110000000010
5 3 2 1101000001001010
5 4 1 0001100001001010
5 4 1 1101000000000100
5 3 2 1111110001001010
5 4 1 0001100001001010
5 2 1 0010000110000010
5 3 1 0000011010100010
5 4 1 0000001001000110
5 4 1 0000010011010000
5 4 1 0000011010000101
5 4 1 0010000110000010
5 4 1 1000101000100010
5 3 1 0001000010000010
5 4 1 0000001110010010
5 4 1 0001000000001110
5 4 1 0001000010010001
5 4 1 0001000010100101
5 4 1 0001000011001100
5 4 1 0001100001001010
5 4 1 0010000110000010
5 4 1 0110001010000010
5 4 1 1001110000000010
5 3 2 0010000010110011
5 4 1 0010000010010100
5 4 1 0010000010100000
5 4 1 0010000110000010
5 4 1 0010001011000001
5 3 1 0010000100001110
5 4 1 0001000000001110
5 4 1 0010000100101001
5 4 1 0010000101000000
5 4 1 0010000110000010
5 3 1 0010000110010001
5 4 1 0001000010010001
5 4 1 0010000010100000
5 4 1 0010000110000010
5 4 1 0011001010000001
5 3 2 0010000110100101
5 4 1 0000011010000101
5 4 1 0001000010100101
5 4 1 0010000010010100
5 4 1 0010000100101001
5 4 1 0010000110000010
5 4 1 0010010101000001
5 3 2 0010000111001100
5 4 1 0001000011001100
5 4 1 0010000101000000
5 4 1 0010000110000010
5 4 1 0010010100101000
5 4 1 0010100100000100
5 3 2 0010001111110000
5 4 1 0000010011010000
5 4 1 0010000110000010
5 4 1 0010001011000001
5 4 1 0011000011100000
5 3 2 0010010101100110
5 4 1 0000001001000110
5 4 1 0010000110000010
5 4 1 0010010100101000
5 4 1 0010010101000001
5 3 2 0010100101001010
5 4 1 0001100001001010
5 4 1 0010000110000010
5 4 1 0010100100000100
5 3 2 0011001010010010
5 4 1 0000001110010010
5 4 1 0010000110000010
5 4 1 0011000011100000
5 4 1 0011001010000001
5 4 1 0100000010010010
5 3 2 0101001110000010
5 4 1 0010000110000010
5 4 1 0100000010010010
5 4 1 0110001010000010
5 3 2 0110111111000010
5 4 1 0010000110000010
5 3 2 1010110100000010
5 4 1 0010000110000010
5 4 1 0100100100000010
5 4 1 0110010100000010
5 4 1 1000101000100010
5 4 1 1001110000000010
5 3 2 1100010110000010
5 4 1 0000110110000010
5 4 1 0010000110000010
5 4 1 0100100100000010
5 3 2 1110100110000010
5 4 1 0000110110000010
5 4 1 0010000110000010
5 4 1 0110010100000010
5 2 2 0010100001111011
5 3 2 0000111101011011
5 3 2 0001100101111011
5 4 1 0001100001001010
5 3 2 0010000010110011
5 4 1 0010000010010100
5 4 1 0010000010100000
5 4 1 0010000110000010
5 4 1 0010001011000001
5 3 2 0010100000110101
5 4 1 0010100000010010
5 4 1 0010100000100110
5 4 1 0010100100000100
5 3 2 0010100001011100
5 4 1 0010000010010100
5 4 1 0010100000010010
5 4 1 0010100011010000
5 3 1 0010100001101000
5 4 1 0010000010100000
5 4 1 0010100000100110
5 3 2 0010100011110111
5 4 1 0010100011010000
5 3 2 0010100101001010
5 4 1 0001100001001010
5 4 1 0010000110000010
5 4 1 0010100100000100
5 3 1 0010101000001001
5 4 1 0010001011000001
5 4 1 0101100000001001
5 3 2 0010110010011111
5 3 2 0011101101101011
5 3 2 0101101001111011
5 4 1 0101100000001001
5 3 2 0110011000111011
5 3 2 1010010011111011
5 3 2 1100110001111011
5 3 2 1110000001111011
5 2 1 0010100100000100
5 3 1 0000111000100100
5 4 1 0000101011000000
5 4 1 0000111000000011
5 4 1 0010100100000100
5 4 1 0100000001100100
5 4 1 1000001010100100
5 3 1 0001100000000100
5 4 1 0000101100010100
5 4 1 0001000011001100
5 4 1 0001100000100011
5 4 1 0001100001001010
5 4 1 0001100010001000
5 4 1 0010100100000100
5 4 1 0110101000000100
5 4 1 1001010010000100
5 4 1 1101000000000100
5 3 2 0010000111001100
5 4 1 0001000011001100
5 4 1 0010000101000000
5 4 1 0010000110000010
5 4 1 0010010100101000
5 4 1 0010100100000100
5 3 2 0010100000110101
5 4 1 0010100000010010
5 4 1 0010100000100110
5 4 1 0010100100000100
5 3 2 0010100100010111
5 4 1 0010100000100110
5 4 1 0010100100000100
5 4 1 0010100100110000
5 3 2 0010100100100011
5 4 1 0000111000000011
5 4 1 0001100000100011
5 4 1 0010100000010010
5 4 1 0010100100000100
5 4 1 0010100100110000
5 3 2 0010100101001010
5 4 1 0001100001001010
5 4 1 0010000110000010
5 4 1 0010100100000100
5 3 1 0010100110001000
5 4 1 0001100010001000
5 4 1 0010000101000000
5 4 1 0010100100000100
5 4 1 1010010100001000
5 3 2 0010101101110110
5 4 1 0010100100000100
5 3 2 0010110111100000
5 4 1 0000101011000000
5 4 1 0010010100101000
5 4 1 0010100100000100
5 4 1 1010000101100000
5 3 2 0011101000010100
5 4 1 0000101100010100
5 4 1 0010100100000100
5 4 1 0100100000010100
5 3 2 0101101100000100
5 4 1 0001010101000100
5 4 1 0010100100000100
5 4 1 0100100000010100
5 4 1 0110101000000100
5 4 1 1001001100000100
5 3 2 0110011101000100
5 4 1 0001010101000100
5 4 1 0010100100000100
5 4 1 0100000001100100
5 4 1 1000001101000100
5 3 2 1010010110000100
5 4 1 0010100100000100
5 4 1 0100000110000100
5 4 1 1000001010100100
5 4 1 1001010010000100
5 4 1 1010000101100000
5 4 1 1010010100001000
5 3 2 1100110100000100
5 4 1 0000010100000100
5 4 1 0010100100000100
5 4 1 0100000110000100
5 4 1 1000001101000100
5 3 1 1110000100000100
5 4 1 0000010100000100
5 4 1 0010100100000100
5 4 1 1001001100000100
5 4 1 1101000000000100
5 2 2 0010100101011001
5 3 2 0000111001111001
5 4 1 0000110000001011
5 4 1 0100000000111001
5 3 2 0001100001011001
5 4 1 0001000010010001
5 4 1 0001100001001010
5 3 1 0010000110010001
5 4 1 0001000010010001
5 4 1 0010000010100000
5 4 1 0010000110000010
5 4 1 0011001010000001
5 3 1 0010100001101000
5 4 1 0010000010100000
5 4 1 0010100000100110
5 3 2 0010100100010111
5 4 1 0010100000100110
5 4 1 0010100100000100
5 4 1 0010100100110000
5 3 2 0010100101001010
5 4 1 0001100001001010
5 4 1 0010000110000010
5 4 1 0010100100000100
5 3 2 0010100101111110
5 4 1 0010100100110000
5 3 2 0010100111010101
5 3 2 0010101100101011
5 4 1 0000110000001011
5 3 2 0010110110111101
5 3 2 0011101001001001
5 4 1 0011001010000001
5 4 1 0100100001001001
5 3 2 0101101101011001
5 4 1 0100100001001001
5 3 2 0110011100011001
5 4 1 0100000000111001
5 3 2 1010010111011001
5 3 2 1100110101011001
5 3 2 1110000101011001
5 2 2 0010100101101101
5 3 2 0000111001001101
5 4 1 0000011010000101
5 4 1 0000111000000011
5 4 1 0100000000001101
5 3 2 0001100001101101
5 4 1 0001000010100101
5 4 1 0001100000100011
5 4 1 0001100001001010
5 3 2 0010000110100101
5 4 1 0000011010000101
5 4 1 0001000010100101
5 4 1 0010000010010100
5 4 1 0010000100101001
5 4 1 0010000110000010
5 4 1 0010010101000001
5 3 2 0010100001011100
5 4 1 0010000010010100
5 4 1 0010100000010010
5 4 1 0010100011010000
5 3 2 0010100100100011
5 4 1 0000111000000011
5 4 1 0001100000100011
5 4 1 0010100000010010
5 4 1 0010100100000100
5 4 1 0010100100110000
5 3 2 0010100101001010
5 4 1 0001100001001010
5 4 1 0010000110000010
5 4 1 0010100100000100
5 3 2 0010100101111110
5 4 1 0010100100110000
5 3 2 0010100111100001
5 4 1 0010000100101001
5 4 1 0010100011010000
5 3 2 0010101100011111
5 3 2 0010110110001001
5 4 1 0010010101000001
5 4 1 1010000100001001
5 3 2 0011101001111101
5 3 2 0101101101101101
5 3 2 0110011100101101
5 4 1 0100000000001101
5 3 2 1010010111101101
5 4 1 1010000100001001
5 3 2 1100110101101101
5 3 2 1110000101101101
5 2 2 0010100111000110
5 3 2 0000111011100110
5 4 1 0000101000000010
5 4 1 0000110010010100
5 4 1 0100000010100110
5 3 2 0001100011000110
5 4 1 0001000000001110
5 4 1 0001100001001010
5 4 1 0001100010001000
5 4 1 0001110000100010
5 3 1 0010000100001110
5 4 1 0001000000001110
5 4 1 0010000100101001
5 4 1 0010000101000000
5 4 1 0010000110000010
5 3 2 0010100011110111
5 4 1 0010100011010000
5 3 2 0010100101001010
5 4 1 0001100001001010
5 4 1 0010000110000010
5 4 1 0010100100000100
5 3 1 0010100110001000
5 4 1 0001100010001000
5 4 1 0010000101000000
5 4 1 0010100100000100
5 4 1 1010010100001000
5 3 2 0010100111010101
5 3 2 0010100111100001
5 4 1 0010000100101001
5 4 1 0010100011010000
5 3 2 0010101110110100
5 4 1 0000110010010100
5 3 2 0010110100100010
5 4 1 0000101000000010
5 4 1 0001110000100010
5 3 2 0011101011010110
5 3 2 0101101111000110
5 3 2 0110011110000110
5 4 1 0100000010100110
5 3 2 1010010101000110
5 4 1 0100000101000110
5 4 1 1010010100001000
5 3 2 1100110111000110
5 4 1 0100000101000110
5 3 2 1110000111000110
5 2 2 0010101100111000
5 3 1 0000110000011000
5 4 1 0000010011010000
5 4 1 0000110000001011
5 4 1 0000110010010100
5 4 1 0100001001011000
5 4 1 1000000010011000
5 4 1 1100010000011000
5 3 2 0001101000111000
5 4 1 0000100100101000
5 4 1 0001100001001010
5 3 2 0010001111110000
5 4 1 0000010011010000
5 4 1 0010000110000010
5 4 1 0010001011000001
5 4 1 0011000011100000
5 3 2 0010100101001010
5 4 1 0001100001001010
5 4 1 0010000110000010
5 4 1 0010100100000100
5 3 1 0010101000001001
5 4 1 0010001011000001
5 4 1 0101100000001001
5 3 2 0010101100011111
5 3 2 0010101100101011
5 4 1 0000110000001011
5 3 2 0010101101110110
5 4 1 0010100100000100
5 3 2 0010101110110100
5 4 1 0000110010010100
5 3 2 0010111111011100
5 3 1 0011100000101000
5 4 1 0000100100101000
5 4 1 0011000011100000
5 4 1 0100101000101000
5 3 2 0101100100111000
5 4 1 0100101000101000
5 4 1 0101100000001001
5 3 2 0110010101111000
5 4 1 0100001001011000
5 3 2 1010011110111000
5 4 1 1000000010011000
5 3 2 1100111100111000
5 3 2 1110001100111000
5 4 1 1100010000011000
5 2 2 0010110110101110
5 3 2 0000101010001110
5 4 1 0000001001000110
5 4 1 0000101000000010
5 4 1 0000101011000000
5 3 2 0001110010101110
5 4 1 0001100001001010
5 4 1 0001110000100010
5 3 2 0010010101100110
5 4 1 0000001001000110
5 4 1 0010000110000010
5 4 1 0010010100101000
5 4 1 0010010101000001
5 3 2 0010100101001010
5 4 1 0001100001001010
5 4 1 0010000110000010
5 4 1 0010100100000100
5 3 2 0010110010011111
5 3 2 0010110100100010
5 4 1 0000101000000010
5 4 1 0001110000100010
5 3 2 0010110110001001
5 4 1 0010010101000001
5 4 1 1010000100001001
5 3 2 0010110110111101
5 3 2 0010110111100000
5 4 1 0000101011000000
5 4 1 0010010100101000
5 4 1 0010100100000100
5 4 1 1010000101100000
5 3 2 0010111111011100
5 3 2 0110001111101110
5 3 2 1010000100101110
5 4 1 1010000100001001
5 4 1 1010000101100000
5 3 2 1100100110101110
5 3 2 1110010110101110
5 2 2 0011101001011010
5 3 2 0000101101011010
5 4 1 0000001110010010
5 4 1 0000100100101000
5 4 1 0000101100010100
5 4 1 0001100001001010
5 3 2 0001110101111010
5 3 2 0010100101001010
5 4 1 0001100001001010
5 4 1 0010000110000010
5 4 1 0010100100000100
5 3 2 0011001010010010
5 4 1 0000001110010010
5 4 1 0010000110000010
5 4 1 0011000011100000
5 4 1 0011001010000001
5 4 1 0100000010010010
5 3 1 0011100000101000
5 4 1 0000100100101000
5 4 1 0011000011100000
5 4 1 0100101000101000
5 3 2 0011101000010100
5 4 1 0000101100010100
5 4 1 0010100100000100
5 4 1 0100100000010100
5 3 2 0011101001001001
5 4 1 0011001010000001
5 4 1 0100100001001001
5 3 2 0011101001111101
5 3 2 0011101011010110
5 3 2 0011101101101011
5 3 2 0100100001011010
5 4 1 0000011000011010
5 4 1 0100000010010010
5 4 1 0100100000010100
5 4 1 0100100001001001
5 4 1 0100101000101000
5 4 1 1000000001011010
5 3 2 0111010000011010
5 4 1 0000011000011010
5 4 1 1001000000011010
5 3 2 1011011011011010
5 3 2 1101111001011010
5 4 1 1001000000011010
5 3 2 1111001001011010
5 4 1 1000000001011010
5 2 2 0101101101001010
5 3 1 0001010100001010
5 4 1 0000011000011010
5 4 1 0001010101000100
5 4 1 0010010000001010
5 3 2 0010100101001010
5 4 1 0001100001001010
5 4 1 0010000110000010
5 4 1 0010100100000100
5 3 2 0100100001011010
5 4 1 0000011000011010
5 4 1 0100000010010010
5 4 1 0100100000010100
5 4 1 0100100001001001
5 4 1 0100101000101000
5 4 1 1000000001011010
5 3 2 0101001110000010
5 4 1 0010000110000010
5 4 1 0100000010010010
5 4 1 0110001010000010
5 3 2 0101100100111000
5 4 1 0100101000101000
5 4 1 0101100000001001
5 3 2 0101101001111011
5 4 1 0101100000001001
5 3 2 0101101100000100
5 4 1 0001010101000100
5 4 1 0010100100000100
5 4 1 0100100000010100
5 4 1 0110101000000100
5 4 1 1001001100000100
5 3 2 0101101101011001
5 4 1 0100100001001001
5 3 2 0101101101101101
5 3 2 0101101111000110
5 3 2 0110101001001010
5 4 1 0001100001001010
5 4 1 0010010000001010
5 4 1 0110001010000010
5 4 1 0110101000000100
5 3 2 0111110001101010
5 3 2 1001001101001010
5 4 1 1000000001011010
5 4 1 1001001100000100
5 3 2 1011111101001010
5 3 2 1101011111001010
5 2 2 0110011100001010
5 3 1 0001010100001010
5 4 1 0000011000011010
5 4 1 0001010101000100
5 4 1 0010010000001010
5 3 2 0010100101001010
5 4 1 0001100001001010
5 4 1 0010000110000010
5 4 1 0010100100000100
5 3 1 0100000000101010
5 4 1 0100000000001101
5 4 1 0100000000111001
5 4 1 0100000001100100
5 4 1 0100000010100110
5 4 1 0100001001011000
5 4 1 1000100000101010
5 3 2 0101011000001010
5 4 1 0001100001001010
5 4 1 0010010000001010
5 3 2 0110001111101110
5 3 2 0110010101111000
5 4 1 0100001001011000
5 3 2 0110011000111011
5 3 2 0110011100011001
5 4 1 0100000000111001
5 3 2 0110011100101101
5 4 1 0100000000001101
5 3 2 0110011101000100
5 4 1 0001010101000100
5 4 1 0010100100000100
5 4 1 0100000001100100
5 4 1 1000001101000100
5 3 2 0110011110000110
5 4 1 0100000010100110
5 3 2 0110111111000010
5 4 1 0010000110000010
5 3 2 0111010000011010
5 4 1 0000011000011010
5 4 1 1001000000011010
5 3 1 1000001100001010
5 4 1 1000001101000100
5 4 1 1001000000011010
5 3 2 1010111100001010
5 4 1 1000100000101010
5 3 2 1110101110001010
5 2 2 1010010111001010
5 3 2 0010100101001010
5 4 1 0001100001001010
5 4 1 0010000110000010
5 4 1 0010100100000100
5 3 2 0100000111001010
5 4 1 0100000101000110
5 4 1 0100000110000100
5 4 1 0100100100000010
5 3 2 0110110111001010
5 4 1 0110010100000010
5 3 2 1000001011101010
5 4 1 1000000010011000
5 4 1 1000001010100100
5 4 1 1000101000100010
5 3 2 1001010011001010
5 4 1 0001100001001010
5 4 1 1001010010000100
5 4 1 1001110000000010
5 3 2 1010000100101110
5 4 1 1010000100001001
5 4 1 1010000101100000
5 3 2 1010010011111011
5 3 2 1010010101000110
5 4 1 0100000101000110
5 4 1 1010010100001000
5 3 2 1010010110000100
5 4 1 0010100100000100
5 4 1 0100000110000100
5 4 1 1000001010100100
5 4 1 1001010010000100
5 4 1 1010000101100000
5 4 1 1010010100001000
5 3 2 1010010111011001
5 3 2 1010010111101101
5 4 1 1010000100001001
5 3 2 1010011110111000
5 4 1 1000000010011000
5 3 2 1010110100000010
5 4 1 0010000110000010
5 4 1 0100100100000010
5 4 1 0110010100000010
5 4 1 1000101000100010
5 4 1 1001110000000010
5 3 2 1011011011011010
5 3 2 1101011111001010
5 3 2 1110101110001010
5 2 2 1100110101001010
5 3 1 0000010101001010
5 4 1 0000010100000100
5 4 1 0000110110000010
5 3 2 0010100101001010
5 4 1 0001100001001010
5 4 1 0010000110000010
5 4 1 0010100100000100
5 3 2 0100000111001010
5 4 1 0100000101000110
5 4 1 0100000110000100
5 4 1 0100100100000010
5 3 1 1000001100001010
5 4 1 1000001101000100
5 4 1 1001000000011010
5 3 2 1011111101001010
5 3 2 1100010110000010
5 4 1 0000110110000010
5 4 1 0010000110000010
5 4 1 0100100100000010
5 3 2 1100100110101110
5 3 2 1100110001111011
5 3 2 1100110100000100
5 4 1 0000010100000100
5 4 1 0010100100000100
5 4 1 0100000110000100
5 4 1 1000001101000100
5 3 2 1100110101011001
5 3 2 1100110101101101
5 3 2 1100110111000110
5 4 1 0100000101000110
5 3 2 1100111100111000
5 3 2 1101111001011010
5 4 1 1001000000011010
5 3 2 1110101001101010
5 3 2 1111110001001010
5 4 1 0001100001001010
5 2 2 1110000101001010
5 3 1 0000010101001010
5 4 1 0000010100000100
5 4 1 0000110110000010
5 3 2 0010100101001010
5 4 1 0001100001001010
5 4 1 0010000110000010
5 4 1 0010100100000100
5 3 2 0110110111001010
5 4 1 0110010100000010
5 3 2 1001001101001010
5 4 1 1000000001011010
5 4 1 1001001100000100
5 3 2 1010111100001010
5 4 1 1000100000101010
5 3 2 1100011001101010
5 4 1 1000100000101010
5 4 1 1100010000011000
5 3 2 1101000001001010
5 4 1 0001100001001010
5 4 1 1101000000000100
5 3 2 1110000001111011
5 3 1 1110000100000100
5 4 1 0000010100000100
5 4 1 0010100100000100
5 4 1 1001001100000100
5 4 1 1101000000000100
5 3 2 1110000101011001
5 3 2 1110000101101101
5 3 2 1110000111000110
5 3 2 1110001100111000
5 4 1 1100010000011000
5 3 2 1110010110101110
5 3 2 1110100110000010
5 4 1 0000110110000010
5 4 1 0010000110000010
5 4 1 0110010100000010
5 3 2 1111001001011010
5 4 1 1000000001011010
5 1 2 0100000111001010
5 2 2 0000111110001010
5 3 1 0000011101000010
5 4 1 0000010100110000
5 4 1 0000011100001100
5 4 1 0001010001010010
5 4 1 0010000001100010
5 4 1 0100100100000010
5 3 2 0000101101101110
5 4 1 0000100100011100
5 4 1 0000101100100000
5 3 2 0000110111111000
5 4 1 0000010100110000
5 4 1 0000100100011100
5 3 2 0000111010111011
5 3 2 0000111100000110
5 4 1 0010100000100110
5 4 1 0100000101000110
5 3 2 0000111110011001
5 3 2 0000111110101101
5 3 2 0000111111000100
5 4 1 0000011100001100
5 4 1 0000101100100000
5 4 1 0100000110000100
5 4 1 1000001101000100
5 3 2 0001110010011010
5 4 1 0001010001010010
5 4 1 1001000000011010
5 3 2 0010100010101010
5 4 1 0010000001100010
5 4 1 0010100000100110
5 3 2 0011111010001010
5 3 2 0100000111001010
5 4 1 0100000101000110
5 4 1 0100000110000100
5 4 1 0100100100000010
5 3 2 0111110110001010
5 3 1 1000001100001010
5 4 1 1000001101000100
5 4 1 1001000000011010
5 3 2 1100011110001010
5 3 2 1110101110001010
5 2 2 0011001111001010
5 3 1 0000001011001010
5 4 1 0000000010111000
5 4 1 0000001001000110
5 4 1 0000001010000100
5 4 1 0000101000000010
5 3 2 0001010011101010
5 4 1 0001000000001110
5 4 1 0001010010100100
5 4 1 0001110000100010
5 3 2 0010000011011010
5 4 1 0010000001010110
5 4 1 0010000010010100
5 4 1 0010000011001001
5 4 1 0010001010101000
5 4 1 0010100000010010
5 3 2 0011000110111000
5 4 1 0000000010111000
5 4 1 0010001010101000
5 4 1 0011000010001001
5 3 2 0011001011111011
5 4 1 0011000010001001
5 3 2 0011001101000110
5 4 1 0000001001000110
5 4 1 0010000001010110
5 4 1 0011001100001000
5 4 1 0100000101000110
5 3 2 0011001110000100
5 4 1 0000001010000100
5 4 1 0001010010100100
5 4 1 0010000010010100
5 4 1 0011001100001000
5 4 1 0100000110000100
5 3 2 0011001111011001
5 4 1 0010000011001001
5 3 2 0011001111101101
5 3 2 0011011100101110
5 4 1 0001000000001110
5 3 2 0011101100000010
5 4 1 0000101000000010
5 4 1 0001110000100010
5 4 1 0010100000010010
5 4 1 0100100100000010
5 3 2 0100000111001010
5 4 1 0100000101000110
5 4 1 0100000110000100
5 4 1 0100100100000010
5 3 2 0111110110001010
5 3 2 1011111101001010
5 3 2 1101011111001010
5 2 2 0100000011111011
5 3 2 0000111010111011
5 3 2 0011001011111011
5 4 1 0011000010001001
5 3 2 0100000001110111
5 4 1 0100000000111001
5 4 1 0100000001010000
5 4 1 0100000001100100
5 4 1 0100000101000110
5 4 1 0100001000000101
5 3 2 0100000010110101
5 4 1 0100000000111001
5 4 1 0100000010010010
5 4 1 0100000010100110
5 4 1 0100000110000100
5 4 1 0100010001010001
5 3 2 0100000011011100
5 4 1 0100000001010000
5 4 1 0100000010010010
5 4 1 0100010000111000
5 4 1 0100100000010100
5 3 1 0100000011101000
5 4 1 0100000001100100
5 4 1 0100000010100110
5 4 1 0100010000001100
5 4 1 0100100000100000
5 3 2 0100000111001010
5 4 1 0100000101000110
5 4 1 0100000110000100
5 4 1 0100100100000010
5 3 1 0100001010001001
5 4 1 0011000010001001
5 4 1 0100001000000101
5 4 1 0100101001000001
5 3 2 0100010000011111
5 4 1 0100010000001100
5 4 1 0100010000111000
5 4 1 0100010001010001
5 3 2 0100100000110011
5 4 1 0100100000010100
5 4 1 0100100000100000
5 4 1 0100100100000010
5 4 1 0100101001000001
5 4 1 1000000000110011
5 3 2 0101001111101011
5 3 2 1000100011111011
5 4 1 1000000000110011
5 3 2 1010010011111011
5 3 2 1100110001111011
5 2 1 0100000101000110
5 3 2 0000111100000110
5 4 1 0010100000100110
5 4 1 0100000101000110
5 3 2 0011001101000110
5 4 1 0000001001000110
5 4 1 0010000001010110
5 4 1 0011001100001000
5 4 1 0100000101000110
5 3 2 0100000001110111
5 4 1 0100000000111001
5 4 1 0100000001010000
5 4 1 0100000001100100
5 4 1 0100000101000110
5 4 1 0100001000000101
5 3 1 0100000100001000
5 4 1 0011001100001000
5 4 1 0100000000111001
5 4 1 0100000101000110
5 4 1 0100000110000100
5 4 1 0100100111000000
5 4 1 0101001000011000
5 4 1 0111000000001000
5 4 1 1000100100001000
5 4 1 1010010100001000
5 3 2 0100000101010101
5 4 1 0100000001100100
5 4 1 0100000101000110
5 3 1 0100000101100001
5 4 1 0100000001010000
5 4 1 0100000101000110
5 3 2 0100000111001010
5 4 1 0100000101000110
5 4 1 0100000110000100
5 4 1 0100100100000010
5 3 2 0100001100110100
5 4 1 0100000101000110
5 4 1 0100001000000101
5 4 1 0101000000100100
5 4 1 0110010000010100
5 3 2 0100010110100010
5 4 1 0100000101000110
5 4 1 0110001010000010
5 3 2 0100100110001110
5 4 1 0100000101000110
5 4 1 0100100100000010
5 4 1 0100100111000000
5 3 2 0101001001010110
5 4 1 0010000001010110
5 4 1 0100000101000110
5 4 1 0101000000100100
5 4 1 0101001000011000
5 3 2 0110011001100110
5 4 1 0010100000100110
5 4 1 0100000101000110
5 4 1 0110001010000010
5 4 1 0110010000010100
5 3 2 0111000001000110
5 4 1 0000001001000110
5 4 1 0100000101000110
5 4 1 0111000000001000
5 3 2 1000100101000110
5 4 1 0100000101000110
5 4 1 1000100100001000
5 3 2 1010010101000110
5 4 1 0100000101000110
5 4 1 1010010100001000
5 3 2 1100110111000110
5 4 1 0100000101000110
5 2 1 0100000110000100
5 3 2 0000111111000100
5 4 1 0000011100001100
5 4 1 0000101100100000
5 4 1 0100000110000100
5 4 1 1000001101000100
5 3 2 0011001110000100
5 4 1 0000001010000100
5 4 1 0001010010100100
5 4 1 0010000010010100
5 4 1 0011001100001000
5 4 1 0100000110000100
5 3 2 0100000010110101
5 4 1 0100000000111001
5 4 1 0100000010010010
5 4 1 0100000010100110
5 4 1 0100000110000100
5 4 1 0100010001010001
5 3 1 0100000100001000
5 4 1 0011001100001000
5 4 1 0100000000111001
5 4 1 0100000101000110
5 4 1 0100000110000100
5 4 1 0100100111000000
5 4 1 0101001000011000
5 4 1 0111000000001000
5 4 1 1000100100001000
5 4 1 1010010100001000
5 3 2 0100000110010111
5 4 1 0100000010100110
5 4 1 0100000110000100
5 4 1 0100000110110000
5 3 2 0100000110100011
5 4 1 0100000010010010
5 4 1 0100000110000100
5 4 1 0100000110110000
5 3 2 0100000111001010
5 4 1 0100000101000110
5 4 1 0100000110000100
5 4 1 0100100100000010
5 3 2 0100001111110110
5 4 1 0100000110000100
5 3 1 0100010101100000
5 4 1 0000101100100000
5 4 1 0100000110000100
5 4 1 0100010001010001
5 4 1 0110001001000000
5 4 1 1010000101100000
5 3 2 0100100101001100
5 4 1 0000011100001100
5 4 1 0100000110000100
5 4 1 0100100100000010
5 4 1 0100100111000000
5 4 1 1000000101001100
5 3 2 0101001010010100
5 4 1 0010000010010100
5 4 1 0100000110000100
5 4 1 0101001000011000
5 3 2 0110011010100100
5 4 1 0001010010100100
5 4 1 0100000110000100
5 4 1 0110001001000000
5 4 1 1000001010100100
5 3 1 0111000010000100
5 4 1 0000001010000100
5 4 1 0100000110000100
5 4 1 0111000000001000
5 4 1 1001010010000100
5 3 1 1000100110000100
5 4 1 0000010100000100
5 4 1 0100000110000100
5 4 1 1000000101001100
5 4 1 1000100100001000
5 3 2 1010010110000100
5 4 1 0010100100000100
5 4 1 0100000110000100
5 4 1 1000001010100100
5 4 1 1001010010000100
5 4 1 1010000101100000
5 4 1 1010010100001000
5 3 2 1100110100000100
5 4 1 0000010100000100
5 4 1 0010100100000100
5 4 1 0100000110000100
5 4 1 1000001101000100
5 2 2 0100000111011001
5 3 2 0000111110011001
5 3 2 0011001111011001
5 4 1 0010000011001001
5 3 1 0100000011101000
5 4 1 0100000001100100
5 4 1 0100000010100110
5 4 1 0100010000001100
5 4 1 0100100000100000
5 3 2 0100000101010101
5 4 1 0100000001100100
5 4 1 0100000101000110
5 3 2 0100000110010111
5 4 1 0100000010100110
5 4 1 0100000110000100
5 4 1 0100000110110000
5 3 2 0100000111001010
5 4 1 0100000101000110
5 4 1 0100000110000100
5 4 1 0100100100000010
5 3 2 0100000111111110
5 4 1 0100000110110000
5 3 2 0100001110101011
5 3 2 0100010100111101
5 4 1 0100010000001100
5 3 1 0100100100010001
5 4 1 0100100000100000
5 4 1 0100100100000010
5 4 1 0101101000000001
5 4 1 1000000100010001
5 3 2 0101001011001001
5 4 1 0010000011001001
5 4 1 0101101000000001
5 3 2 0110011011111001
5 3 2 0111000011011001
5 3 2 1000100111011001
5 4 1 1000000100010001
5 3 2 1010010111011001
5 3 2 1100110101011001
5 2 2 0100000111101101
5 3 2 0000111110101101
5 3 2 0011001111101101
5 3 2 0100000011011100
5 4 1 0100000001010000
5 4 1 0100000010010010
5 4 1 0100010000111000
5 4 1 0100100000010100
5 3 1 0100000101100001
5 4 1 0100000001010000
5 4 1 0100000101000110
5 3 2 0100000110100011
5 4 1 0100000010010010
5 4 1 0100000110000100
5 4 1 0100000110110000
5 3 2 0100000111001010
5 4 1 0100000101000110
5 4 1 0100000110000100
5 4 1 0100100100000010
5 3 2 0100000111111110
5 4 1 0100000110110000
5 3 2 0100001110011111
5 3 1 0100010100001001
5 4 1 0100010000111000
5 4 1 1010000100001001
5 3 2 0100100100100101
5 4 1 0100100000010100
5 4 1 0100100100000010
5 4 1 1000000100100101
5 3 2 0101001011111101
5 3 2 0110011011001101
5 3 2 0111000011101101
5 3 2 1000100111101101
5 4 1 1000000100100101
5 3 2 1010010111101101
5 4 1 1010000100001001
5 3 2 1100110101101101
5 2 2 0100001110111000
5 3 2 0000110111111000
5 4 1 0000010100110000
5 4 1 0000100100011100
5 3 2 0011000110111000
5 4 1 0000000010111000
5 4 1 0010001010101000
5 4 1 0011000010001001
5 3 2 0100000111001010
5 4 1 0100000101000110
5 4 1 0100000110000100
5 4 1 0100100100000010
5 3 1 0100001010001001
5 4 1 0011000010001001
5 4 1 0100001000000101
5 4 1 0100101001000001
5 3 2 0100001100110100
5 4 1 0100000101000110
5 4 1 0100001000000101
5 4 1 0101000000100100
5 4 1 0110010000010100
5 3 2 0100001110011111
5 3 2 0100001110101011
5 3 2 0100001111110110
5 4 1 0100000110000100
5 3 2 0100011101011100
5 4 1 0000100100011100
5 3 2 0100101101110000
5 4 1 0000010100110000
5 4 1 0100100100000010
5 4 1 0100101001000001
5 4 1 0101100001100000
5 3 1 0101000010101000
5 4 1 0010001010101000
5 4 1 0101000000100100
5 4 1 0101100001100000
5 3 2 0110010010011000
5 4 1 0110010000010100
5 4 1 1000000010011000
5 3 2 0111001010111000
5 4 1 0000000010111000
5 3 2 1000101110111000
5 3 2 1010011110111000
5 4 1 1000000010011000
5 3 2 1100111100111000
5 2 2 0100010100101110
5 3 2 0000101101101110
5 4 1 0000100100011100
5 4 1 0000101100100000
5 3 2 0011011100101110
5 4 1 0001000000001110
5 3 2 0100000111001010
5 4 1 0100000101000110
5 4 1 0100000110000100
5 4 1 0100100100000010
5 3 2 0100010000011111
5 4 1 0100010000001100
5 4 1 0100010000111000
5 4 1 0100010001010001
5 3 1 0100010100001001
5 4 1 0100010000111000
5 4 1 1010000100001001
5 3 2 0100010100111101
5 4 1 0100010000001100
5 3 1 0100010101100000
5 4 1 0000101100100000
5 4 1 0100000110000100
5 4 1 0100010001010001
5 4 1 0110001001000000
5 4 1 1010000101100000
5 3 2 0100010110100010
5 4 1 0100000101000110
5 4 1 0110001010000010
5 3 2 0100011101011100
5 4 1 0000100100011100
5 3 2 0100110111100110
5 4 1 0100100100000010
5 3 2 0101011000111110
5 3 2 0110001000001110
5 4 1 0001000000001110
5 4 1 0110001001000000
5 4 1 0110001010000010
5 3 2 0111010000101110
5 3 2 1000110100101110
5 3 2 1010000100101110
5 4 1 1010000100001001
5 4 1 1010000101100000
5 3 2 1100100110101110
5 2 1 0100100100000010
5 3 1 0000011101000010
5 4 1 0000010100110000
5 4 1 0000011100001100
5 4 1 0001010001010010
5 4 1 0010000001100010
5 4 1 0100100100000010
5 3 2 0011101100000010
5 4 1 0000101000000010
5 4 1 0001110000100010
5 4 1 0010100000010010
5 4 1 0100100100000010
5 3 2 0100000111001010
5 4 1 0100000101000110
5 4 1 0100000110000100
5 4 1 0100100100000010
5 3 2 0100100000110011
5 4 1 0100100000010100
5 4 1 0100100000100000
5 4 1 0100100100000010
5 4 1 0100101001000001
5 4 1 1000000000110011
5 3 1 0100100100010001
5 4 1 0100100000100000
5 4 1 0100100100000010
5 4 1 0101101000000001
5 4 1 1000000100010001
5 3 2 0100100100100101
5 4 1 0100100000010100
5 4 1 0100100100000010
5 4 1 1000000100100101
5 3 2 0100100101001100
5 4 1 0000011100001100
5 4 1 0100000110000100
5 4 1 0100100100000010
5 4 1 0100100111000000
5 4 1 1000000101001100
5 3 2 0100100110001110
5 4 1 0100000101000110
5 4 1 0100100100000010
5 4 1 0100100111000000
5 3 2 0100101101110000
5 4 1 0000010100110000
5 4 1 0100100100000010
5 4 1 0100101001000001
5 4 1 0101100001100000
5 3 2 0100110111100110
5 4 1 0100100100000010
5 3 2 0101101000010010
5 4 1 0001010001010010
5 4 1 0010100000010010
5 4 1 0100100100000010
5 4 1 0101100001100000
5 4 1 0101101000000001
5 4 1 1001001000010010
5 3 2 0110111000100010
5 4 1 0001110000100010
5 4 1 0010000001100010
5 4 1 0100100100000010
5 4 1 1000101000100010
5 3 1 0111100000000010
5 4 1 0000101000000010
5 4 1 0100100100000010
5 4 1 1001110000000010
5 4 1 1011000000000010
5 3 1 1000000100000010
5 4 1 0000110110000010
5 4 1 0100100100000010
5 4 1 0110010100000010
5 4 1 1000000000110011
5 4 1 1000000100010001
5 4 1 1000000100100101
5 4 1 1000000101001100
5 4 1 1001001000010010
5 4 1 1011000000000010
5 3 2 1010110100000010
5 4 1 0010000110000010
5 4 1 0100100100000010
5 4 1 0110010100000010
5 4 1 1000101000100010
5 4 1 1001110000000010
5 3 2 1100010110000010
5 4 1 0000110110000010
5 4 1 0010000110000010
5 4 1 0100100100000010
5 2 2 0101001011011010
5 3 2 0001110010011010
5 4 1 0001010001010010
5 4 1 1001000000011010
5 3 2 0010000011011010
5 4 1 0010000001010110
5 4 1 0010000010010100
5 4 1 0010000011001001
5 4 1 0010001010101000
5 4 1 0010100000010010
5 3 2 0100000111001010
5 4 1 0100000101000110
5 4 1 0100000110000100
5 4 1 0100100100000010
5 3 1 0101000010101000
5 4 1 0010001010101000
5 4 1 0101000000100100
5 4 1 0101100001100000
5 3 2 0101001001010110
5 4 1 0010000001010110
5 4 1 0100000101000110
5 4 1 0101000000100100
5 4 1 0101001000011000
5 3 2 0101001010010100
5 4 1 0010000010010100
5 4 1 0100000110000100
5 4 1 0101001000011000
5 3 2 0101001011001001
5 4 1 0010000011001001
5 4 1 0101101000000001
5 3 2 0101001011111101
5 3 2 0101001111101011
5 3 2 0101011000111110
5 3 2 0101101000010010
5 4 1 0001010001010010
5 4 1 0010100000010010
5 4 1 0100100100000010
5 4 1 0101100001100000
5 4 1 0101101000000001
5 4 1 1001001000010010
5 3 2 0110001111011010
5 3 2 1001101011011010
5 4 1 1001001000010010
5 3 2 1011011011011010
5 3 2 1101111001011010
5 4 1 1001000000011010
5 2 2 0110011011101010
5 3 2 0001010011101010
5 4 1 0001000000001110
5 4 1 0001010010100100
5 4 1 0001110000100010
5 3 2 0010100010101010
5 4 1 0010000001100010
5 4 1 0010100000100110
5 3 2 0100000111001010
5 4 1 0100000101000110
5 4 1 0100000110000100
5 4 1 0100100100000010
5 3 2 0101011111101010
5 3 2 0110001000001110
5 4 1 0001000000001110
5 4 1 0110001001000000
5 4 1 0110001010000010
5 3 2 0110010010011000
5 4 1 0110010000010100
5 4 1 1000000010011000
5 3 2 0110011001100110
5 4 1 0010100000100110
5 4 1 0100000101000110
5 4 1 0110001010000010
5 4 1 0110010000010100
5 3 2 0110011010100100
5 4 1 0001010010100100
5 4 1 0100000110000100
5 4 1 0110001001000000
5 4 1 1000001010100100
5 3 2 0110011011001101
5 3 2 0110011011111001
5 3 2 0110111000100010
5 4 1 0001110000100010
5 4 1 0010000001100010
5 4 1 0100100100000010
5 4 1 1000101000100010
5 3 2 1000001011101010
5 4 1 1000000010011000
5 4 1 1000001010100100
5 4 1 1000101000100010
5 3 2 1010111011101010
5 3 2 1110101001101010
5 2 2 0111000011001010
5 3 1 0000001011001010
5 4 1 0000000010111000
5 4 1 0000001001000110
5 4 1 0000001010000100
5 4 1 0000101000000010
5 3 2 0011111010001010
5 3 2 0100000111001010
5 4 1 0100000101000110
5 4 1 0100000110000100
5 4 1 0100100100000010
5 3 2 0101011111101010
5 3 2 0110001111011010
5 3 2 0111000001000110
5 4 1 0000001001000110
5 4 1 0100000101000110
5 4 1 0111000000001000
5 3 1 0111000010000100
5 4 1 0000001010000100
5 4 1 0100000110000100
5 4 1 0111000000001000
5 4 1 1001010010000100
5 3 2 0111000011011001
5 3 2 0111000011101101
5 3 2 0111001010111000
5 4 1 0000000010111000
5 3 2 0111010000101110
5 3 1 0111100000000010
5 4 1 0000101000000010
5 4 1 0100100100000010
5 4 1 1001110000000010
5 4 1 1011000000000010
5 3 2 1001010011001010
5 4 1 0001100001001010
5 4 1 1001010010000100
5 4 1 1001110000000010
5 3 2 1011100011001010
5 4 1 1011000000000010
5 3 2 1111110001001010
5 4 1 0001100001001010
5 2 2 1000100111001010
5 3 1 0000010101001010
5 4 1 0000010100000100
5 4 1 0000110110000010
5 3 2 0100000111001010
5 4 1 0100000101000110
5 4 1 0100000110000100
5 4 1 0100100100000010
5 3 2 0110110111001010
5 4 1 0110010100000010
5 3 1 1000000100000010
5 4 1 0000110110000010
5 4 1 0100100100000010
5 4 1 0110010100000010
5 4 1 1000000000110011
5 4 1 1000000100010001
5 4 1 1000000100100101
5 4 1 1000000101001100
5 4 1 1001001000010010
5 4 1 1011000000000010
5 3 2 1000100011111011
5 4 1 1000000000110011
5 3 2 1000100101000110
5 4 1 0100000101000110
5 4 1 1000100100001000
5 3 1 1000100110000100
5 4 1 0000010100000100
5 4 1 0100000110000100
5 4 1 1000000101001100
5 4 1 1000100100001000
5 3 2 1000100111011001
5 4 1 1000000100010001
5 3 2 1000100111101101
5 4 1 1000000100100101
5 3 2 1000101110111000
5 3 2 1000110100101110
5 3 2 1001101011011010
5 4 1 1001001000010010
5 3 2 1010111011101010
5 3 2 1011100011001010
5 4 1 1011000000000010
5 3 2 1100011110001010
5 2 2 1010010111001010
5 3 2 0010100101001010
5 4 1 0001100001001010
5 4 1 0010000110000010
5 4 1 0010100100000100
5 3 2 0100000111001010
5 4 1 0100000101000110
5 4 1 0100000110000100
5 4 1 0100100100000010
5 3 2 0110110111001010
5 4 1 0110010100000010
5 3 2 1000001011101010
5 4 1 1000000010011000
5 4 1 1000001010100100
5 4 1 1000101000100010
5 3 2 1001010011001010
5 4 1 0001100001001010
5 4 1 1001010010000100
5 4 1 1001110000000010
5 3 2 1010000100101110
5 4 1 1010000100001001
5 4 1 1010000101100000
5 3 2 1010010011111011
5 3 2 1010010101000110
5 4 1 0100000101000110
5 4 1 1010010100001000
5 3 2 1010010110000100
5 4 1 0010100100000100
5 4 1 0100000110000100
5 4 1 1000001010100100
5 4 1 1001010010000100
5 4 1 1010000101100000
5 4 1 1010010100001000
5 3 2 1010010111011001
5 3 2 1010010111101101
5 4 1 1010000100001001
5 3 2 1010011110111000
5 4 1 1000000010011000
5 3 2 1010110100000010
5 4 1 0010000110000010
5 4 1 0100100100000010
5 4 1 0110010100000010
5 4 1 1000101000100010
5 4 1 1001110000000010
5 3 2 1011011011011010
5 3 2 1101011111001010
5 3 2 1110101110001010
5 2 2 1100110101001010
5 3 1 0000010101001010
5 4 1 0000010100000100
5 4 1 0000110110000010
5 3 2 0010100101001010
5 4 1 0001100001001010
5 4 1 0010000110000010
5 4 1 0010100100000100
5 3 2 0100000111001010
5 4 1 0100000101000110
5 4 1 0100000110000100
5 4 1 0100100100000010
5 3 1 1000001100001010
5 4 1 1000001101000100
5 4 1 1001000000011010
5 3 2 1011111101001010
5 3 2 1100010110000010
5 4 1 0000110110000010
5 4 1 0010000110000010
5 4 1 0100100100000010
5 3 2 1100100110101110
5 3 2 1100110001111011
5 3 2 1100110100000100
5 4 1 0000010100000100
5 4 1 0010100100000100
5 4 1 0100000110000100
5 4 1 1000001101000100
5 3 2 1100110101011001
5 3 2 1100110101101101
5 3 2 1100110111000110
5 4 1 0100000101000110
5 3 2 1100111100111000
5 3 2 1101111001011010
5 4 1 1001000000011010
5 3 2 1110101001101010
5 3 2 1111110001001010
5 4 1 0001100001001010
5 1 2 0110110111001010
5 2 2 0001111111001010
5 3 2 0000110011011010
5 4 1 0000010000010010
5 4 1 0000110010010100
5 4 1 1000000001011010
5 3 1 0001011100000010
5 4 1 0000010000010010
5 4 1 0010011000000010
5 4 1 0011000000100010
5 4 1 0110010100000010
5 3 2 0001101100101110
5 3 2 0001110110111000
5 3 2 0001111101000110
5 4 1 0101000100000110
5 3 2 0001111110000100
5 4 1 0000110010010100
5 4 1 1001001100000100
5 3 2 0001111111011001
5 3 2 0010111011001010
5 4 1 0010011000000010
5 4 1 0110000010001010
5 3 2 0011100011101010
5 4 1 0011000000100010
5 3 2 0101000110001010
5 4 1 0101000100000110
5 4 1 0110000010001010
5 3 2 0110110111001010
5 4 1 0110010100000010
5 3 2 1001001101001010
5 4 1 1000000001011010
5 4 1 1001001100000100
5 3 2 1101011111001010
5 2 2 0010001110001010
5 3 1 0000010010101010
5 4 1 0000000001001110
5 5 0 0000000000000000
