2 0 2 111001011
1 0 1 000011011
1 0 1 000001100
1 0 1 000000111
1 0 1 000010000
1 0 1 000010000
1 0 1 000100001
1 0 1 000101010
1 0 1 000101010
1 0 1 000110110
1 0 1 000110110
1 0 1 000110110
1 0 1 000111101
1 0 1 000111101
1 0 1 000111101
1 0 1 000111101
1 0 1 000111101
1 0 1 000111101
1 0 1 001000010
1 0 1 001001001
1 0 1 001001001
1 0 1 001001001
1 0 1 001010101
1 0 1 001010101
1 0 1 001011110
1 0 1 001011110
1 0 1 001011110
1 0 1 001011110
1 0 1 001011110
1 0 1 001011110
1 0 1 001100100
1 0 1 001100100
1 0 1 001100100
1 0 1 001100100
1 0 1 001100100
1 0 1 001100100
1 0 1 001100100
1 0 1 001101011
1 0 1 000110010
1 0 1 000010100
1 0 1 000000011
1 0 1 000001000
1 0 1 000011111
1 0 1 000011111
1 0 1 000100101
1 0 1 000100101
1 0 1 000101110
1 0 1 000101110
1 0 1 000101110
1 0 1 000111001
1 0 1 000111001
1 0 1 000111001
1 0 1 000111001
1 0 1 000111001
1 0 1 000111001
1 0 1 001000110
1 0 1 001000110
1 0 1 001001101
1 0 1 001001101
1 0 1 001001101
1 0 1 001001101
1 0 1 001010001
1 0 1 001010001
1 0 1 001010001
1 0 1 001011010
1 0 1 001011010
1 0 1 001011010
1 0 1 001011010
1 0 1 001011010
1 0 1 001011010
1 0 1 001011010
1 0 1 001011010
1 0 1 001100000
1 0 1 001100000
1 0 1 001100000
1 0 1 001100000
1 0 1 001100000
1 0 1 001100000
1 0 1 001100000
1 0 1 001100000
1 0 1 001100000
1 0 1 001110011
1 0 1 001110011
1 0 1 001110011
1 0 1 001110011
1 0 1 001110011
1 0 1 001110011
1 0 1 001110011
1 0 1 001110011
1 0 1 001110011
1 0 1 001110011
1 0 1 001110011
1 0 1 001111000
1 0 1 001111000
1 0 1 001111000
1 0 1 001111000
1 0 1 001111000
1 0 1 001111000
1 0 1 001111000
1 0 1 001111000
