2 0 2 111001111
1 0 1 000011111
1 0 1 000001000
1 0 1 000000011
1 0 1 000010100
1 0 1 000010100
1 0 1 000100101
1 0 1 000101110
1 0 1 000101110
1 0 1 000110010
1 0 1 000110010
1 0 1 000110010
1 0 1 000111001
1 0 1 000111001
1 0 1 000111001
1 0 1 000111001
1 0 1 000111001
1 0 1 000111001
1 0 1 001000110
1 0 1 001001101
1 0 1 001001101
1 0 1 001001101
1 0 1 001010001
1 0 1 001010001
1 0 1 001011010
1 0 1 001011010
1 0 1 001011010
1 0 1 001011010
1 0 1 001011010
1 0 1 001011010
1 0 1 001100000
1 0 1 001100000
1 0 1 001100000
1 0 1 001100000
1 0 1 001100000
1 0 1 001100000
1 0 1 001100000
1 0 1 001101011
1 0 1 001101011
1 0 1 001101011
1 0 1 001101011
1 0 1 001101011
1 0 1 001101011
1 0 1 001101011
1 0 1 001101011
1 0 1 001101011
1 0 1 001101011
1 0 1 001101011
1 0 1 001101011
1 0 1 001101011
1 0 1 001111100
1 0 1 001111100
1 0 1 001111100
1 0 1 001111100
1 0 1 001111100
1 0 1 001111100
1 0 1 001111100
1 0 1 001111100
1 0 1 001111100
1 0 1 001111100
1 0 1 001111100
1 0 1 001111100
1 0 1 001111100
1 0 1 001111100
1 0 1 001111100
1 0 1 001111100
1 0 1 001111100
1 0 1 001111100
1 0 1 001111100
1 0 1 001111100
1 0 1 010000011
1 0 1 001001011
1 0 1 000010010
1 0 1 000000101
1 0 1 000001110
1 0 1 000011001
1 0 1 000011001
1 0 1 000100011
1 0 1 000101000
1 0 1 000101000
1 0 1 000110100
1 0 1 000110100
1 0 1 001000000
1 0 1 001000000
1 0 1 001000000
1 0 1 001010111
1 0 1 001010111
1 0 1 001010111
1 0 1 001010111
1 0 1 001011100
1 0 1 001011100
1 0 1 001011100
1 0 1 001011100
1 0 1 001011100
1 0 1 001011100
1 0 1 001100110
1 0 1 001100110
1 0 1 001100110
1 0 1 001101101
1 0 1 001101101
