7 0 7 111001111
5 1 4 100000111
4 2 2 100010000
5 3 2 000100100
5 4 1 000000010
5 3 2 011000000
5 4 1 000001000
5 2 3 100001100
5 2 3 100100001
5 3 2 010000001
5 1 4 111000100
4 2 2 000010100
5 3 2 000000011
5 4 1 000001000
5 3 2 100100000
5 4 1 010000000
5 2 3 001100100
5 3 2 001000010
5 2 3 100001100
6 3 3 000111000
6 4 2 010000010
6 2 2 000010100
5 3 2 000000011
5 4 1 000001000
5 3 2 100100000
5 4 1 010000000
6 4 2 000010100
6 3 2 000000011
5 4 1 000001000
6 4 2 000010100
6 3 3 000110010
6 4 2 000010100
6 4 2 010001000
6 5 1 001000000
6 2 3 001100100
5 3 2 001000010
6 3 3 101010000
5 4 1 010000000
6 2 4 011110000
5 3 2 100100000
5 4 1 010000000
6 4 2 000010100
6 3 3 000111000
6 4 2 010000010
6 3 3 001001010
6 4 2 001000001
6 4 2 010000010
6 3 3 101010000
5 4 1 010000000
6 1 5 000011111
3 2 1 000001000
4 2 2 000010100
5 3 2 000000011
5 4 1 000001000
5 3 2 100100000
5 4 1 010000000
5 2 1 000001000
5 3 2 000000011
5 4 1 000001000
5 3 2 011000000
5 4 1 000001000
5 2 3 001000110
5 3 2 001100000
6 3 3 001010001
5 4 1 000001000
6 2 1 000001000
5 3 2 000000011
5 4 1 000001000
5 3 2 011000000
5 4 1 000001000
6 4 2 100010000
6 3 2 000000011
5 4 1 000001000
6 4 2 000010100
6 3 3 001010001
5 4 1 000001000
6 2 2 000010100
5 3 2 000000011
5 4 1 000001000
5 3 2 100100000
5 4 1 010000000
6 4 2 000010100
6 3 2 000000011
5 4 1 000001000
6 4 2 000010100
6 3 3 000110010
6 4 2 000010100
6 4 2 010001000
6 5 1 001000000
6 2 4 000111001
5 3 2 001100000
6 3 3 000110010
6 4 2 000010100
6 4 2 010001000
6 5 1 001000000
6 3 3 010000011
6 4 2 010001000
6 5 1 001000000
6 2 4 010100101
6 3 3 010000011
6 4 2 010001000
6 5 1 001000000
6 3 3 100000101
6 1 4 100000111
4 2 2 100010000
5 3 2 000100100
5 4 1 000000010
5 3 2 011000000
5 4 1 000001000
5 2 3 100001100
5 2 3 100100001
5 3 2 010000001
6 3 3 000010101
5 4 1 000000010
6 2 4 000110011
5 3 2 000100100
5 4 1 000000010
6 4 2 100010000
6 3 3 000010101
5 4 1 000000010
6 3 3 000111000
6 4 2 010000010
6 3 3 010001001
6 4 2 001000001
6 4 2 010000010
6 2 3 100001100
6 3 3 000111000
6 4 2 010000010
6 2 2 100010000
5 3 2 000100100
5 4 1 000000010
5 3 2 011000000
5 4 1 000001000
6 4 2 100010000
6 3 2 000100100
5 4 1 000000010
6 4 2 100010000
6 3 3 010110000
6 4 2 000001010
6 5 1 000000001
6 4 2 100010000
6 1 5 110010110
5 2 3 001000110
5 3 2 001100000
5 2 3 010100010
5 3 2 000011000
5 3 2 010000100
5 3 2 100000010
5 2 3 110000001
5 3 2 000100001
6 3 3 001010001
5 4 1 000001000
6 2 4 000110110
4 3 1 000010000
5 3 2 000100001
5 3 2 100000010
6 3 3 010001100
6 4 2 001000100
6 2 3 001000110
5 3 2 001100000
6 3 3 001010001
5 4 1 000001000
6 2 3 010100010
5 3 2 000011000
5 3 2 010000100
5 3 2 100000010
6 3 2 000011000
6 4 2 001000001
6 2 4 100101100
5 3 2 000011000
6 4 2 001000001
6 3 3 010001100
6 4 2 001000100
6 3 3 100001010
6 4 2 100000001
6 2 4 110110000
4 3 1 000010000
5 3 2 001100000
5 3 2 010000100
6 3 3 100001010
6 4 2 100000001
6 1 5 111011000
3 2 1 000001000
4 2 2 100010000
5 3 2 000100100
5 4 1 000000010
5 3 2 011000000
5 4 1 000001000
5 2 1 000001000
5 3 2 000000011
5 4 1 000001000
5 3 2 011000000
5 4 1 000001000
5 2 3 110000001
5 3 2 000100001
6 3 3 001010001
5 4 1 000001000
6 2 1 000001000
5 3 2 000000011
5 4 1 000001000
5 3 2 011000000
5 4 1 000001000
6 4 2 100010000
6 3 2 000000011
5 4 1 000001000
6 4 2 000010100
6 3 3 001010001
5 4 1 000001000
6 2 4 001111000
5 3 2 000100001
6 3 3 010110000
6 4 2 000001010
6 5 1 000000001
6 4 2 100010000
6 3 3 011000010
6 4 2 000001010
6 5 1 000000001
6 2 2 100010000
5 3 2 000100100
5 4 1 000000010
5 3 2 011000000
5 4 1 000001000
6 4 2 100010000
6 3 2 000100100
5 4 1 000000010
6 4 2 100010000
6 3 3 010110000
6 4 2 000001010
6 5 1 000000001
6 4 2 100010000
6 2 4 101100010
6 3 3 011000010
6 4 2 000001010
6 5 1 000000001
6 3 3 101000100
7 4 3 001110000
7 4 3 010010100
7 3 4 001010110
6 4 2 001000001
7 5 2 000011000
7 4 3 001110000
7 3 4 010110010
5 4 1 000001000
7 5 2 000000011
7 6 1 000001000
7 5 2 011000000
7 6 1 000001000
7 4 3 010010100
7 4 3 100010010
7 3 3 011000010
6 4 2 000001010
6 5 1 000000001
7 4 3 100010010
7 2 1 000001000
5 3 2 000000011
5 4 1 000001000
5 3 2 011000000
5 4 1 000001000
6 4 2 100010000
6 3 2 000000011
5 4 1 000001000
6 4 2 000010100
6 3 3 001010001
5 4 1 000001000
7 5 2 000000011
7 6 1 000001000
7 5 2 011000000
7 6 1 000001000
7 4 3 001000110
7 5 2 001100000
7 4 3 110000001
7 5 2 000100001
7 3 2 000000011
5 4 1 000001000
6 4 2 000010100
7 5 2 000000011
7 6 1 000001000
7 5 2 100100000
7 6 1 010000000
7 4 1 000001000
7 5 2 000000011
7 6 1 000001000
7 5 2 011000000
7 6 1 000001000
7 4 3 000100101
7 5 2 000000011
7 6 1 000001000
7 3 4 000101110
5 4 1 000001000
7 5 2 000000011
7 6 1 000001000
7 5 2 011000000
7 6 1 000001000
7 4 3 000100101
7 5 2 000000011
7 6 1 000001000
7 4 3 010010100
7 3 4 010110010
5 4 1 000001000
7 5 2 000000011
7 6 1 000001000
7 5 2 011000000
7 6 1 000001000
7 4 3 010010100
7 4 3 100010010
7 3 2 011000000
5 4 1 000001000
6 4 2 100010000
7 5 2 000100100
7 6 1 000000010
7 5 2 011000000
7 6 1 000001000
7 4 1 000001000
7 5 2 000000011
7 6 1 000001000
7 5 2 011000000
7 6 1 000001000
7 4 3 101100000
7 5 2 011000000
7 6 1 000001000
7 3 4 110101000
5 4 1 000001000
7 5 2 000000011
7 6 1 000001000
7 5 2 011000000
7 6 1 000001000
7 4 3 100010010
7 4 3 101100000
7 5 2 011000000
7 6 1 000001000
7 2 4 001111000
5 3 2 000100001
6 3 3 010110000
6 4 2 000001010
6 5 1 000000001
6 4 2 100010000
6 3 3 011000010
6 4 2 000001010
6 5 1 000000001
7 4 3 100010010
7 3 2 000100001
7 4 3 000000111
6 5 1 000010000
7 5 2 000001100
7 5 2 000100001
7 4 3 000101010
7 5 2 000001100
7 5 2 000100001
7 5 2 010010000
7 4 3 110000001
7 5 2 000100001
7 3 3 010110000
6 4 2 000001010
6 5 1 000000001
6 4 2 100010000
7 5 2 000100100
7 6 1 000000010
7 5 2 011000000
7 6 1 000001000
7 4 3 101100000
7 5 2 011000000
7 6 1 000001000
7 4 3 110000100
7 5 2 000100100
7 6 1 000000010
7 3 4 101001100
7 4 3 110000100
7 5 2 000100100
7 6 1 000000010
7 3 4 110101000
5 4 1 000001000
7 5 2 000000011
7 6 1 000001000
7 5 2 011000000
7 6 1 000001000
7 4 3 100010010
7 4 3 101100000
7 5 2 011000000
7 6 1 000001000
7 2 5 011101100
5 3 2 000100100
5 4 1 000000010
6 4 2 100010000
7 5 2 000100100
7 6 1 000000010
7 5 2 011000000
7 6 1 000001000
7 4 1 000000010
7 5 2 000001001
7 6 1 000000010
7 5 2 000100100
7 6 1 000000010
7 4 3 110000100
7 5 2 000100100
7 6 1 000000010
7 3 4 001010110
6 4 2 001000001
7 5 2 000011000
7 4 3 001110000
7 3 4 011001010
5 4 1 000000010
7 5 2 000001001
7 6 1 000000010
7 5 2 000100100
7 6 1 000000010
7 4 3 001110000
7 4 3 011000001
7 5 2 000001001
7 6 1 000000010
7 3 4 101001100
7 4 3 110000100
7 5 2 000100100
7 6 1 000000010
7 2 2 100010000
5 3 2 000100100
5 4 1 000000010
5 3 2 011000000
5 4 1 000001000
6 4 2 100010000
6 3 2 000100100
5 4 1 000000010
6 4 2 100010000
6 3 3 010110000
6 4 2 000001010
6 5 1 000000001
6 4 2 100010000
7 5 2 000100100
7 6 1 000000010
7 5 2 011000000
7 6 1 000001000
7 4 3 101100000
7 5 2 011000000
7 6 1 000001000
7 4 3 110000100
7 5 2 000100100
7 6 1 000000010
7 3 2 000100100
5 4 1 000000010
6 4 2 100010000
7 5 2 000100100
7 6 1 000000010
7 5 2 011000000
7 6 1 000001000
7 4 1 000000010
7 5 2 000001001
7 6 1 000000010
7 5 2 000100100
7 6 1 000000010
7 4 3 110000100
7 5 2 000100100
7 6 1 000000010
7 3 2 011000000
5 4 1 000001000
6 4 2 100010000
7 5 2 000100100
7 6 1 000000010
7 5 2 011000000
7 6 1 000001000
7 4 1 000001000
7 5 2 000000011
7 6 1 000001000
7 5 2 011000000
7 6 1 000001000
7 4 3 101100000
7 5 2 011000000
7 6 1 000001000
7 3 4 100000111
6 4 2 100010000
7 5 2 000100100
7 6 1 000000010
7 5 2 011000000
7 6 1 000001000
7 4 3 100001100
7 4 3 100100001
7 5 2 010000001
7 3 4 101001001
6 4 2 100010000
7 5 2 000100100
7 6 1 000000010
7 5 2 011000000
7 6 1 000001000
7 4 3 101000010
7 4 3 110000001
7 5 2 000100001
7 2 3 110000001
5 3 2 000100001
6 3 3 001010001
5 4 1 000001000
7 5 2 000000011
7 6 1 000001000
7 5 2 011000000
7 6 1 000001000
7 4 3 001000110
7 5 2 001100000
7 4 3 110000001
7 5 2 000100001
7 3 2 000100001
7 4 3 000000111
6 5 1 000010000
7 5 2 000001100
7 5 2 000100001
7 4 3 000101010
7 5 2 000001100
7 5 2 000100001
7 5 2 010010000
7 4 3 110000001
7 5 2 000100001
7 3 4 101001001
6 4 2 100010000
7 5 2 000100100
7 6 1 000000010
7 5 2 011000000
7 6 1 000001000
7 4 3 101000010
7 4 3 110000001
7 5 2 000100001
7 3 4 110001010
7 4 3 000101010
7 5 2 000001100
7 5 2 000100001
7 5 2 010010000
7 4 3 100110000
6 5 1 000000100
7 5 2 010010000
7 4 3 101000010
7 4 3 110000001
7 5 2 000100001
7 1 5 000011111
3 2 1 000001000
4 2 2 000010100
5 3 2 000000011
5 4 1 000001000
5 3 2 100100000
5 4 1 010000000
5 2 1 000001000
5 3 2 000000011
5 4 1 000001000
5 3 2 011000000
5 4 1 000001000
5 2 3 001000110
5 3 2 001100000
6 3 3 001010001
5 4 1 000001000
6 2 1 000001000
5 3 2 000000011
5 4 1 000001000
5 3 2 011000000
5 4 1 000001000
6 4 2 100010000
6 3 2 000000011
5 4 1 000001000
6 4 2 000010100
6 3 3 001010001
5 4 1 000001000
6 2 2 000010100
5 3 2 000000011
5 4 1 000001000
5 3 2 100100000
5 4 1 010000000
6 4 2 000010100
6 3 2 000000011
5 4 1 000001000
6 4 2 000010100
6 3 3 000110010
6 4 2 000010100
6 4 2 010001000
6 5 1 001000000
6 2 4 000111001
5 3 2 001100000
6 3 3 000110010
6 4 2 000010100
6 4 2 010001000
6 5 1 001000000
6 3 3 010000011
6 4 2 010001000
6 5 1 001000000
6 2 4 010100101
6 3 3 010000011
6 4 2 010001000
6 5 1 001000000
6 3 3 100000101
7 4 3 000110001
7 4 3 100010010
7 3 3 010000011
6 4 2 010001000
6 5 1 001000000
7 4 3 010010100
7 3 4 010110010
5 4 1 000001000
7 5 2 000000011
7 6 1 000001000
7 5 2 011000000
7 6 1 000001000
7 4 3 010010100
7 4 3 100010010
7 3 4 110010001
6 4 2 001000001
7 5 2 000011000
7 4 3 000110001
7 2 1 000001000
5 3 2 000000011
5 4 1 000001000
5 3 2 011000000
5 4 1 000001000
6 4 2 100010000
6 3 2 000000011
5 4 1 000001000
6 4 2 000010100
6 3 3 001010001
5 4 1 000001000
7 5 2 000000011
7 6 1 000001000
7 5 2 011000000
7 6 1 000001000
7 4 3 001000110
7 5 2 001100000
7 4 3 110000001
7 5 2 000100001
7 3 2 000000011
5 4 1 000001000
6 4 2 000010100
7 5 2 000000011
7 6 1 000001000
7 5 2 100100000
7 6 1 010000000
7 4 1 000001000
7 5 2 000000011
7 6 1 000001000
7 5 2 011000000
7 6 1 000001000
7 4 3 000100101
7 5 2 000000011
7 6 1 000001000
7 3 4 000101110
5 4 1 000001000
7 5 2 000000011
7 6 1 000001000
7 5 2 011000000
7 6 1 000001000
7 4 3 000100101
7 5 2 000000011
7 6 1 000001000
7 4 3 010010100
7 3 4 010110010
5 4 1 000001000
7 5 2 000000011
7 6 1 000001000
7 5 2 011000000
7 6 1 000001000
7 4 3 010010100
7 4 3 100010010
7 3 2 011000000
5 4 1 000001000
6 4 2 100010000
7 5 2 000100100
7 6 1 000000010
7 5 2 011000000
7 6 1 000001000
7 4 1 000001000
7 5 2 000000011
7 6 1 000001000
7 5 2 011000000
7 6 1 000001000
7 4 3 101100000
7 5 2 011000000
7 6 1 000001000
7 3 4 110101000
5 4 1 000001000
7 5 2 000000011
7 6 1 000001000
7 5 2 011000000
7 6 1 000001000
7 4 3 100010010
7 4 3 101100000
7 5 2 011000000
7 6 1 000001000
7 2 2 000010100
5 3 2 000000011
5 4 1 000001000
5 3 2 100100000
5 4 1 010000000
6 4 2 000010100
6 3 2 000000011
5 4 1 000001000
6 4 2 000010100
6 3 3 000110010
6 4 2 000010100
6 4 2 010001000
6 5 1 001000000
7 4 2 000010100
7 5 2 000000011
7 6 1 000001000
7 5 2 100100000
7 6 1 010000000
7 4 3 000100101
7 5 2 000000011
7 6 1 000001000
7 4 3 100000110
7 5 2 100100000
7 6 1 010000000
7 3 2 000000011
5 4 1 000001000
6 4 2 000010100
7 5 2 000000011
7 6 1 000001000
7 5 2 100100000
7 6 1 010000000
7 4 1 000001000
7 5 2 000000011
7 6 1 000001000
7 5 2 011000000
7 6 1 000001000
7 4 3 000100101
7 5 2 000000011
7 6 1 000001000
7 3 4 001001101
6 4 2 000010100
7 5 2 000000011
7 6 1 000001000
7 5 2 100100000
7 6 1 010000000
7 4 3 001000110
7 5 2 001100000
7 4 3 010000101
7 3 2 100100000
5 4 1 010000000
6 4 2 000010100
7 5 2 000000011
7 6 1 000001000
7 5 2 100100000
7 6 1 010000000
7 4 1 010000000
7 5 2 001001000
7 6 1 010000000
7 5 2 100100000
7 6 1 010000000
7 4 3 100000110
7 5 2 100100000
7 6 1 010000000
7 3 4 111000100
6 4 2 000010100
7 5 2 000000011
7 6 1 000001000
7 5 2 100100000
7 6 1 010000000
7 4 3 001100100
7 5 2 001000010
7 4 3 100001100
7 2 4 000111001
5 3 2 001100000
6 3 3 000110010
6 4 2 000010100
6 4 2 010001000
6 5 1 001000000
6 3 3 010000011
6 4 2 010001000
6 5 1 001000000
7 4 3 010010100
7 3 4 000101110
5 4 1 000001000
7 5 2 000000011
7 6 1 000001000
7 5 2 011000000
7 6 1 000001000
7 4 3 000100101
7 5 2 000000011
7 6 1 000001000
7 4 3 010010100
7 3 3 000110010
6 4 2 000010100
6 4 2 010001000
6 5 1 001000000
7 4 2 000010100
7 5 2 000000011
7 6 1 000001000
7 5 2 100100000
7 6 1 010000000
7 4 3 000100101
7 5 2 000000011
7 6 1 000001000
7 4 3 100000110
7 5 2 100100000
7 6 1 010000000
7 3 2 001100000
7 4 3 001000110
7 5 2 001100000
7 4 3 010101000
7 5 2 000010010
7 5 2 001100000
7 5 2 100001000
7 4 3 111000000
6 5 1 000010000
7 5 2 001100000
7 5 2 100001000
7 3 4 100001101
7 4 3 100000110
7 5 2 100100000
7 6 1 010000000
7 2 3 001000110
5 3 2 001100000
6 3 3 001010001
5 4 1 000001000
7 5 2 000000011
7 6 1 000001000
7 5 2 011000000
7 6 1 000001000
7 4 3 001000110
7 5 2 001100000
7 4 3 110000001
7 5 2 000100001
7 3 4 001001101
6 4 2 000010100
7 5 2 000000011
7 6 1 000001000
7 5 2 100100000
7 6 1 010000000
7 4 3 001000110
7 5 2 001100000
7 4 3 010000101
7 3 2 001100000
7 4 3 001000110
7 5 2 001100000
7 4 3 010101000
7 5 2 000010010
7 5 2 001100000
7 5 2 100001000
7 4 3 111000000
6 5 1 000010000
7 5 2 001100000
7 5 2 100001000
7 3 4 010001110
7 4 3 000110100
6 5 1 100000000
7 5 2 000010010
7 4 3 001000110
7 5 2 001100000
7 4 3 010000101
7 4 3 010101000
7 5 2 000010010
7 5 2 001100000
7 5 2 100001000
7 2 5 100101011
5 3 2 100100000
5 4 1 010000000
6 4 2 000010100
7 5 2 000000011
7 6 1 000001000
7 5 2 100100000
7 6 1 010000000
7 4 1 010000000
7 5 2 001001000
7 6 1 010000000
7 5 2 100100000
7 6 1 010000000
7 4 3 100000110
7 5 2 100100000
7 6 1 010000000
7 3 4 010001011
5 4 1 010000000
7 5 2 001001000
7 6 1 010000000
7 5 2 100100000
7 6 1 010000000
7 4 3 000110001
7 4 3 001000011
7 5 2 001001000
7 6 1 010000000
7 3 4 100001101
7 4 3 100000110
7 5 2 100100000
7 6 1 010000000
7 3 4 110010001
6 4 2 001000001
7 5 2 000011000
7 4 3 000110001
7 1 6 001101111
5 2 3 001001001
4 3 1 000010000
5 3 2 001000010
5 3 2 010000001
5 2 3 001100100
5 3 2 001000010
6 3 3 101010000
5 4 1 010000000
6 2 4 000110110
4 3 1 000010000
5 3 2 000100001
5 3 2 100000010
6 3 3 010001100
6 4 2 001000100
6 2 4 001111000
5 3 2 000100001
6 3 3 010110000
6 4 2 000001010
6 5 1 000000001
6 4 2 100010000
6 3 3 011000010
6 4 2 000001010
6 5 1 000000001
7 4 3 100010010
7 3 2 000100001
7 4 3 000000111
6 5 1 000010000
7 5 2 000001100
7 5 2 000100001
7 4 3 000101010
7 5 2 000001100
7 5 2 000100001
7 5 2 010010000
7 4 3 110000001
7 5 2 000100001
7 3 3 010110000
6 4 2 000001010
6 5 1 000000001
6 4 2 100010000
7 5 2 000100100
7 6 1 000000010
7 5 2 011000000
7 6 1 000001000
7 4 3 101100000
7 5 2 011000000
7 6 1 000001000
7 4 3 110000100
7 5 2 000100100
7 6 1 000000010
7 3 4 101001100
7 4 3 110000100
7 5 2 000100100
7 6 1 000000010
7 3 4 110101000
5 4 1 000001000
7 5 2 000000011
7 6 1 000001000
7 5 2 011000000
7 6 1 000001000
7 4 3 100010010
7 4 3 101100000
7 5 2 011000000
7 6 1 000001000
7 2 4 000110110
4 3 1 000010000
5 3 2 000100001
5 3 2 100000010
6 3 3 010001100
6 4 2 001000100
7 3 1 000010000
7 4 3 000000111
6 5 1 000010000
7 5 2 000001100
7 5 2 000100001
7 4 3 001001001
6 5 1 000010000
7 5 2 001000010
7 5 2 010000001
7 4 3 100100100
6 5 1 000010000
7 5 2 010000100
7 5 2 100000010
7 4 3 111000000
6 5 1 000010000
7 5 2 001100000
7 5 2 100001000
7 3 2 000100001
7 4 3 000000111
6 5 1 000010000
7 5 2 000001100
7 5 2 000100001
7 4 3 000101010
7 5 2 000001100
7 5 2 000100001
7 5 2 010010000
7 4 3 110000001
7 5 2 000100001
7 3 2 100000010
7 4 3 010100010
7 5 2 000011000
7 5 2 010000100
7 5 2 100000010
7 4 3 100001001
7 5 2 100000010
7 4 3 100100100
6 5 1 000010000
7 5 2 010000100
7 5 2 100000010
7 2 3 001001001
4 3 1 000010000
5 3 2 001000010
5 3 2 010000001
7 4 3 001001001
6 5 1 000010000
7 5 2 001000010
7 5 2 010000001
7 4 3 010001010
7 5 2 000110000
7 5 2 001000010
7 5 2 010000001
7 4 3 100100001
7 5 2 010000001
7 3 1 000010000
7 4 3 000000111
6 5 1 000010000
7 5 2 000001100
7 5 2 000100001
7 4 3 001001001
6 5 1 000010000
7 5 2 001000010
7 5 2 010000001
7 4 3 100100100
6 5 1 000010000
7 5 2 010000100
7 5 2 100000010
7 4 3 111000000
6 5 1 000010000
7 5 2 001100000
7 5 2 100001000
7 3 2 001000010
7 4 3 001001001
6 5 1 000010000
7 5 2 001000010
7 5 2 010000001
7 4 3 001100100
7 5 2 001000010
7 4 3 010001010
7 5 2 000110000
7 5 2 001000010
7 5 2 010000001
7 2 3 001100100
5 3 2 001000010
6 3 3 101010000
5 4 1 010000000
7 5 2 001001000
7 6 1 010000000
7 5 2 100100000
7 6 1 010000000
7 4 3 001100100
7 5 2 001000010
7 4 3 100001001
7 5 2 100000010
7 3 2 001000010
7 4 3 001001001
6 5 1 000010000
7 5 2 001000010
7 5 2 010000001
7 4 3 001100100
7 5 2 001000010
7 4 3 010001010
7 5 2 000110000
7 5 2 001000010
7 5 2 010000001
7 3 4 010101100
7 4 3 000010110
6 5 1 000000001
7 5 2 000110000
7 4 3 001100100
7 5 2 001000010
7 4 3 010001010
7 5 2 000110000
7 5 2 001000010
7 5 2 010000001
7 4 3 100001100
7 3 4 111000100
6 4 2 000010100
7 5 2 000000011
7 6 1 000001000
7 5 2 100100000
7 6 1 010000000
7 4 3 001100100
7 5 2 001000010
7 4 3 100001100
7 2 5 010100111
5 3 2 010000001
6 3 3 010110000
6 4 2 000001010
6 5 1 000000001
6 4 2 100010000
7 5 2 000100100
7 6 1 000000010
7 5 2 011000000
7 6 1 000001000
7 4 3 101100000
7 5 2 011000000
7 6 1 000001000
7 4 3 110000100
7 5 2 000100100
7 6 1 000000010
7 3 4 000011101
6 4 2 000001010
6 5 1 000000001
6 4 2 001000100
7 4 3 000010110
6 5 1 000000001
7 5 2 000110000
7 3 2 010000001
7 4 3 001001001
6 5 1 000010000
7 5 2 001000010
7 5 2 010000001
7 4 3 010001010
7 5 2 000110000
7 5 2 001000010
7 5 2 010000001
7 4 3 100100001
7 5 2 010000001
7 3 4 010101100
7 4 3 000010110
6 5 1 000000001
7 5 2 000110000
7 4 3 001100100
7 5 2 001000010
7 4 3 010001010
7 5 2 000110000
7 5 2 001000010
7 5 2 010000001
7 4 3 100001100
7 3 4 100000111
6 4 2 100010000
7 5 2 000100100
7 6 1 000000010
7 5 2 011000000
7 6 1 000001000
7 4 3 100001100
7 4 3 100100001
7 5 2 010000001
7 2 5 011010101
6 3 3 010001100
6 4 2 001000100
6 3 3 011000010
6 4 2 000001010
6 5 1 000000001
6 3 3 100000101
7 4 3 000110001
7 4 3 100010010
7 3 4 000011101
6 4 2 000001010
6 5 1 000000001
6 4 2 001000100
7 4 3 000010110
6 5 1 000000001
7 5 2 000110000
7 3 3 011000010
6 4 2 000001010
6 5 1 000000001
7 4 3 100010010
7 1 4 100000111
4 2 2 100010000
5 3 2 000100100
5 4 1 000000010
5 3 2 011000000
5 4 1 000001000
5 2 3 100001100
5 2 3 100100001
5 3 2 010000001
6 3 3 000010101
5 4 1 000000010
6 2 4 000110011
5 3 2 000100100
5 4 1 000000010
6 4 2 100010000
6 3 3 000010101
5 4 1 000000010
6 3 3 000111000
6 4 2 010000010
6 3 3 010001001
6 4 2 001000001
6 4 2 010000010
6 2 3 100001100
6 3 3 000111000
6 4 2 010000010
6 2 2 100010000
5 3 2 000100100
5 4 1 000000010
5 3 2 011000000
5 4 1 000001000
6 4 2 100010000
6 3 2 000100100
5 4 1 000000010
6 4 2 100010000
6 3 3 010110000
6 4 2 000001010
6 5 1 000000001
6 4 2 100010000
7 5 2 000100100
7 6 1 000000010
7 5 2 011000000
7 6 1 000001000
7 4 3 101100000
7 5 2 011000000
7 6 1 000001000
7 4 3 110000100
7 5 2 000100100
7 6 1 000000010
7 3 2 000100100
5 4 1 000000010
6 4 2 100010000
7 5 2 000100100
7 6 1 000000010
7 5 2 011000000
7 6 1 000001000
7 4 1 000000010
7 5 2 000001001
7 6 1 000000010
7 5 2 000100100
7 6 1 000000010
7 4 3 110000100
7 5 2 000100100
7 6 1 000000010
7 3 2 011000000
5 4 1 000001000
6 4 2 100010000
7 5 2 000100100
7 6 1 000000010
7 5 2 011000000
7 6 1 000001000
7 4 1 000001000
7 5 2 000000011
7 6 1 000001000
7 5 2 011000000
7 6 1 000001000
7 4 3 101100000
7 5 2 011000000
7 6 1 000001000
7 3 4 100000111
6 4 2 100010000
7 5 2 000100100
7 6 1 000000010
7 5 2 011000000
7 6 1 000001000
7 4 3 100001100
7 4 3 100100001
7 5 2 010000001
7 3 4 101001001
6 4 2 100010000
7 5 2 000100100
7 6 1 000000010
7 5 2 011000000
7 6 1 000001000
7 4 3 101000010
7 4 3 110000001
7 5 2 000100001
7 2 4 000110011
5 3 2 000100100
5 4 1 000000010
6 4 2 100010000
6 3 3 000010101
5 4 1 000000010
6 3 3 000111000
6 4 2 010000010
6 3 3 010001001
6 4 2 001000001
6 4 2 010000010
7 4 2 001000001
7 5 2 000011000
7 4 3 011010000
6 5 1 100000000
7 5 2 000011000
7 3 3 000010101
5 4 1 000000010
7 5 2 000001001
7 6 1 000000010
7 5 2 000100100
7 6 1 000000010
7 4 3 001001100
7 5 2 010000100
7 4 3 100100001
7 5 2 010000001
7 3 2 000100100
5 4 1 000000010
6 4 2 100010000
7 5 2 000100100
7 6 1 000000010
7 5 2 011000000
7 6 1 000001000
7 4 1 000000010
7 5 2 000001001
7 6 1 000000010
7 5 2 000100100
7 6 1 000000010
7 4 3 110000100
7 5 2 000100100
7 6 1 000000010
7 3 3 000111000
6 4 2 010000010
7 4 3 001100001
7 4 3 100001100
7 3 4 001101010
7 4 3 001001100
7 5 2 010000100
7 4 3 001100001
7 4 3 010100010
7 5 2 000011000
7 5 2 010000100
7 5 2 100000010
7 4 3 011010000
6 5 1 100000000
7 5 2 000011000
7 3 4 100000111
6 4 2 100010000
7 5 2 000100100
7 6 1 000000010
7 5 2 011000000
7 6 1 000001000
7 4 3 100001100
7 4 3 100100001
7 5 2 010000001
7 2 5 010100111
5 3 2 010000001
6 3 3 010110000
6 4 2 000001010
6 5 1 000000001
6 4 2 100010000
7 5 2 000100100
7 6 1 000000010
7 5 2 011000000
7 6 1 000001000
7 4 3 101100000
7 5 2 011000000
7 6 1 000001000
7 4 3 110000100
7 5 2 000100100
7 6 1 000000010
7 3 4 000011101
6 4 2 000001010
6 5 1 000000001
6 4 2 001000100
7 4 3 000010110
6 5 1 000000001
7 5 2 000110000
7 3 2 010000001
7 4 3 001001001
6 5 1 000010000
7 5 2 001000010
7 5 2 010000001
7 4 3 010001010
7 5 2 000110000
7 5 2 001000010
7 5 2 010000001
7 4 3 100100001
7 5 2 010000001
7 3 4 010101100
7 4 3 000010110
6 5 1 000000001
7 5 2 000110000
7 4 3 001100100
7 5 2 001000010
7 4 3 010001010
7 5 2 000110000
7 5 2 001000010
7 5 2 010000001
7 4 3 100001100
7 3 4 100000111
6 4 2 100010000
7 5 2 000100100
7 6 1 000000010
7 5 2 011000000
7 6 1 000001000
7 4 3 100001100
7 4 3 100100001
7 5 2 010000001
7 2 3 100001100
6 3 3 000111000
6 4 2 010000010
7 4 3 001100001
7 4 3 100001100
7 3 4 010101100
7 4 3 000010110
6 5 1 000000001
7 5 2 000110000
7 4 3 001100100
7 5 2 001000010
7 4 3 010001010
7 5 2 000110000
7 5 2 001000010
7 5 2 010000001
7 4 3 100001100
7 3 4 100000111
6 4 2 100010000
7 5 2 000100100
7 6 1 000000010
7 5 2 011000000
7 6 1 000001000
7 4 3 100001100
7 4 3 100100001
7 5 2 010000001
7 3 4 100101010
7 4 3 010001010
7 5 2 000110000
7 5 2 001000010
7 5 2 010000001
7 4 3 100001100
7 4 3 100100001
7 5 2 010000001
7 4 3 110010000
6 5 1 001000000
7 5 2 000110000
7 3 4 111000100
6 4 2 000010100
7 5 2 000000011
7 6 1 000001000
7 5 2 100100000
7 6 1 010000000
7 4 3 001100100
7 5 2 001000010
7 4 3 100001100
7 2 3 100100001
5 3 2 010000001
6 3 3 000010101
5 4 1 000000010
7 5 2 000001001
7 6 1 000000010
7 5 2 000100100
7 6 1 000000010
7 4 3 001001100
7 5 2 010000100
7 4 3 100100001
7 5 2 010000001
7 3 2 010000001
7 4 3 001001001
6 5 1 000010000
7 5 2 001000010
7 5 2 010000001
7 4 3 010001010
7 5 2 000110000
7 5 2 001000010
7 5 2 010000001
7 4 3 100100001
7 5 2 010000001
7 3 4 100000111
6 4 2 100010000
7 5 2 000100100
7 6 1 000000010
7 5 2 011000000
7 6 1 000001000
7 4 3 100001100
7 4 3 100100001
7 5 2 010000001
7 3 4 100101010
7 4 3 010001010
7 5 2 000110000
7 5 2 001000010
7 5 2 010000001
7 4 3 100001100
7 4 3 100100001
7 5 2 010000001
7 4 3 110010000
6 5 1 001000000
7 5 2 000110000
7 1 6 101110101
4 2 2 001000001
5 3 2 000011000
6 4 2 001000001
6 3 3 001001010
6 4 2 001000001
6 4 2 010000010
6 3 3 010001001
6 4 2 001000001
6 4 2 010000010
6 2 4 010100101
6 3 3 010000011
6 4 2 010001000
6 5 1 001000000
6 3 3 100000101
6 2 4 100101100
5 3 2 000011000
6 4 2 001000001
6 3 3 010001100
6 4 2 001000100
6 3 3 100001010
6 4 2 100000001
6 2 4 101100010
6 3 3 011000010
6 4 2 000001010
6 5 1 000000001
6 3 3 101000100
7 4 3 001110000
7 4 3 010010100
7 3 4 001010110
6 4 2 001000001
7 5 2 000011000
7 4 3 001110000
7 3 4 010110010
5 4 1 000001000
7 5 2 000000011
7 6 1 000001000
7 5 2 011000000
7 6 1 000001000
7 4 3 010010100
7 4 3 100010010
7 3 3 011000010
6 4 2 000001010
6 5 1 000000001
7 4 3 100010010
7 2 2 001000001
5 3 2 000011000
6 4 2 001000001
6 3 3 001001010
6 4 2 001000001
6 4 2 010000010
6 3 3 010001001
6 4 2 001000001
6 4 2 010000010
7 4 2 001000001
7 5 2 000011000
7 4 3 011010000
6 5 1 100000000
7 5 2 000011000
7 3 2 000011000
6 4 2 001000001
7 5 2 000011000
7 4 3 000010011
6 5 1 000000100
7 5 2 000011000
7 4 3 010100010
7 5 2 000011000
7 5 2 010000100
7 5 2 100000010
7 4 3 011010000
6 5 1 100000000
7 5 2 000011000
7 3 3 001001010
6 4 2 001000001
6 4 2 010000010
7 4 3 000010011
6 5 1 000000100
7 5 2 000011000
7 4 2 001000001
7 5 2 000011000
7 3 4 001010110
6 4 2 001000001
7 5 2 000011000
7 4 3 001110000
7 3 4 110010001
6 4 2 001000001
7 5 2 000011000
7 4 3 000110001
7 2 4 010100101
6 3 3 010000011
6 4 2 010001000
6 5 1 001000000
6 3 3 100000101
7 4 3 000110001
7 4 3 100010010
7 3 3 010000011
6 4 2 010001000
6 5 1 001000000
7 4 3 010010100
7 3 4 010110010
5 4 1 000001000
7 5 2 000000011
7 6 1 000001000
7 5 2 011000000
7 6 1 000001000
7 4 3 010010100
7 4 3 100010010
7 3 4 110010001
6 4 2 001000001
7 5 2 000011000
7 4 3 000110001
7 2 5 011010101
6 3 3 010001100
6 4 2 001000100
6 3 3 011000010
6 4 2 000001010
6 5 1 000000001
6 3 3 100000101
7 4 3 000110001
7 4 3 100010010
7 3 4 000011101
6 4 2 000001010
6 5 1 000000001
6 4 2 001000100
7 4 3 000010110
6 5 1 000000001
7 5 2 000110000
7 3 3 011000010
6 4 2 000001010
6 5 1 000000001
7 4 3 100010010
7 2 4 100101100
5 3 2 000011000
6 4 2 001000001
6 3 3 010001100
6 4 2 001000100
6 3 3 100001010
6 4 2 100000001
7 3 2 000011000
6 4 2 001000001
7 5 2 000011000
7 4 3 000010011
6 5 1 000000100
7 5 2 000011000
7 4 3 010100010
7 5 2 000011000
7 5 2 010000100
7 5 2 100000010
7 4 3 011010000
6 5 1 100000000
7 5 2 000011000
7 2 5 101010011
6 3 3 010000011
6 4 2 010001000
6 5 1 001000000
6 3 3 100001010
6 4 2 100000001
6 3 3 101000100
7 4 3 001110000
7 4 3 010010100
7 3 3 010000011
6 4 2 010001000
6 5 1 001000000
7 4 3 010010100
7 3 4 101011000
6 4 2 010001000
6 5 1 001000000
6 4 2 100000001
7 4 3 110010000
6 5 1 001000000
7 5 2 000110000
7 1 5 110010110
5 2 3 001000110
5 3 2 001100000
5 2 3 010100010
5 3 2 000011000
5 3 2 010000100
5 3 2 100000010
5 2 3 110000001
5 3 2 000100001
6 3 3 001010001
5 4 1 000001000
6 2 4 000110110
4 3 1 000010000
5 3 2 000100001
5 3 2 100000010
6 3 3 010001100
6 4 2 001000100
6 2 3 001000110
5 3 2 001100000
6 3 3 001010001
5 4 1 000001000
6 2 3 010100010
5 3 2 000011000
5 3 2 010000100
5 3 2 100000010
6 3 2 000011000
6 4 2 001000001
6 2 4 100101100
5 3 2 000011000
6 4 2 001000001
6 3 3 010001100
6 4 2 001000100
6 3 3 100001010
6 4 2 100000001
6 2 4 110110000
4 3 1 000010000
5 3 2 001100000
5 3 2 010000100
6 3 3 100001010
6 4 2 100000001
7 3 1 000010000
7 4 3 000000111
6 5 1 000010000
7 5 2 000001100
7 5 2 000100001
7 4 3 001001001
6 5 1 000010000
7 5 2 001000010
7 5 2 010000001
7 4 3 100100100
6 5 1 000010000
7 5 2 010000100
7 5 2 100000010
7 4 3 111000000
6 5 1 000010000
7 5 2 001100000
7 5 2 100001000
7 3 2 001100000
7 4 3 001000110
7 5 2 001100000
7 4 3 010101000
7 5 2 000010010
7 5 2 001100000
7 5 2 100001000
7 4 3 111000000
6 5 1 000010000
7 5 2 001100000
7 5 2 100001000
7 3 2 010000100
7 4 3 001001100
7 5 2 010000100
7 4 3 010100010
7 5 2 000011000
7 5 2 010000100
7 5 2 100000010
7 4 3 100100100
6 5 1 000010000
7 5 2 010000100
7 5 2 100000010
7 2 4 000110110
4 3 1 000010000
5 3 2 000100001
5 3 2 100000010
6 3 3 010001100
6 4 2 001000100
7 3 1 000010000
7 4 3 000000111
6 5 1 000010000
7 5 2 000001100
7 5 2 000100001
7 4 3 001001001
6 5 1 000010000
7 5 2 001000010
7 5 2 010000001
7 4 3 100100100
6 5 1 000010000
7 5 2 010000100
7 5 2 100000010
7 4 3 111000000
6 5 1 000010000
7 5 2 001100000
7 5 2 100001000
7 3 2 000100001
7 4 3 000000111
6 5 1 000010000
7 5 2 000001100
7 5 2 000100001
7 4 3 000101010
7 5 2 000001100
7 5 2 000100001
7 5 2 010010000
7 4 3 110000001
7 5 2 000100001
7 3 2 100000010
7 4 3 010100010
7 5 2 000011000
7 5 2 010000100
7 5 2 100000010
7 4 3 100001001
7 5 2 100000010
7 4 3 100100100
6 5 1 000010000
7 5 2 010000100
7 5 2 100000010
7 2 3 001000110
5 3 2 001100000
6 3 3 001010001
5 4 1 000001000
7 5 2 000000011
7 6 1 000001000
7 5 2 011000000
7 6 1 000001000
7 4 3 001000110
7 5 2 001100000
7 4 3 110000001
7 5 2 000100001
7 3 4 001001101
6 4 2 000010100
7 5 2 000000011
7 6 1 000001000
7 5 2 100100000
7 6 1 010000000
7 4 3 001000110
7 5 2 001100000
7 4 3 010000101
7 3 2 001100000
7 4 3 001000110
7 5 2 001100000
7 4 3 010101000
7 5 2 000010010
7 5 2 001100000
7 5 2 100001000
7 4 3 111000000
6 5 1 000010000
7 5 2 001100000
7 5 2 100001000
7 3 4 010001110
7 4 3 000110100
6 5 1 100000000
7 5 2 000010010
7 4 3 001000110
7 5 2 001100000
7 4 3 010000101
7 4 3 010101000
7 5 2 000010010
7 5 2 001100000
7 5 2 100001000
7 2 3 010100010
5 3 2 000011000
5 3 2 010000100
5 3 2 100000010
6 3 2 000011000
6 4 2 001000001
7 5 2 000011000
7 4 3 000010011
6 5 1 000000100
7 5 2 000011000
7 4 3 010100010
7 5 2 000011000
7 5 2 010000100
7 5 2 100000010
7 4 3 011010000
6 5 1 100000000
7 5 2 000011000
7 3 4 001101010
7 4 3 001001100
7 5 2 010000100
7 4 3 001100001
7 4 3 010100010
7 5 2 000011000
7 5 2 010000100
7 5 2 100000010
7 4 3 011010000
6 5 1 100000000
7 5 2 000011000
7 3 2 010000100
7 4 3 001001100
7 5 2 010000100
7 4 3 010100010
7 5 2 000011000
7 5 2 010000100
7 5 2 100000010
7 4 3 100100100
6 5 1 000010000
7 5 2 010000100
7 5 2 100000010
7 3 4 010101001
7 4 3 000010011
6 5 1 000000100
7 5 2 000011000
7 4 3 001100001
7 4 3 010100010
7 5 2 000011000
7 5 2 010000100
7 5 2 100000010
7 4 3 100001001
7 5 2 100000010
7 3 2 100000010
7 4 3 010100010
7 5 2 000011000
7 5 2 010000100
7 5 2 100000010
7 4 3 100001001
7 5 2 100000010
7 4 3 100100100
6 5 1 000010000
7 5 2 010000100
7 5 2 100000010
7 2 4 100101100
5 3 2 000011000
6 4 2 001000001
6 3 3 010001100
6 4 2 001000100
6 3 3 100001010
6 4 2 100000001
7 3 2 000011000
6 4 2 001000001
7 5 2 000011000
7 4 3 000010011
6 5 1 000000100
7 5 2 000011000
7 4 3 010100010
7 5 2 000011000
7 5 2 010000100
7 5 2 100000010
7 4 3 011010000
6 5 1 100000000
7 5 2 000011000
7 2 3 110000001
5 3 2 000100001
6 3 3 001010001
5 4 1 000001000
7 5 2 000000011
7 6 1 000001000
7 5 2 011000000
7 6 1 000001000
7 4 3 001000110
7 5 2 001100000
7 4 3 110000001
7 5 2 000100001
7 3 2 000100001
7 4 3 000000111
6 5 1 000010000
7 5 2 000001100
7 5 2 000100001
7 4 3 000101010
7 5 2 000001100
7 5 2 000100001
7 5 2 010010000
7 4 3 110000001
7 5 2 000100001
7 3 4 101001001
6 4 2 100010000
7 5 2 000100100
7 6 1 000000010
7 5 2 011000000
7 6 1 000001000
7 4 3 101000010
7 4 3 110000001
7 5 2 000100001
7 3 4 110001010
7 4 3 000101010
7 5 2 000001100
7 5 2 000100001
7 5 2 010010000
7 4 3 100110000
6 5 1 000000100
7 5 2 010010000
7 4 3 101000010
7 4 3 110000001
7 5 2 000100001
7 1 4 111000100
4 2 2 000010100
5 3 2 000000011
5 4 1 000001000
5 3 2 100100000
5 4 1 010000000
5 2 3 001100100
5 3 2 001000010
5 2 3 100001100
6 3 3 000111000
6 4 2 010000010
6 2 2 000010100
5 3 2 000000011
5 4 1 000001000
5 3 2 100100000
5 4 1 010000000
6 4 2 000010100
6 3 2 000000011
5 4 1 000001000
6 4 2 000010100
6 3 3 000110010
6 4 2 000010100
6 4 2 010001000
6 5 1 001000000
6 2 3 001100100
5 3 2 001000010
6 3 3 101010000
5 4 1 010000000
6 2 4 011110000
5 3 2 100100000
5 4 1 010000000
6 4 2 000010100
6 3 3 000111000
6 4 2 010000010
6 3 3 001001010
6 4 2 001000001
6 4 2 010000010
6 3 3 101010000
5 4 1 010000000
7 5 2 001001000
7 6 1 010000000
7 5 2 100100000
7 6 1 010000000
7 4 3 001100100
7 5 2 001000010
7 4 3 100001001
7 5 2 100000010
7 3 3 000111000
6 4 2 010000010
7 4 3 001100001
7 4 3 100001100
7 3 3 001001010
6 4 2 001000001
6 4 2 010000010
7 4 3 000010011
6 5 1 000000100
7 5 2 000011000
7 4 2 001000001
7 5 2 000011000
7 3 4 010101001
7 4 3 000010011
6 5 1 000000100
7 5 2 000011000
7 4 3 001100001
7 4 3 010100010
7 5 2 000011000
7 5 2 010000100
7 5 2 100000010
7 4 3 100001001
7 5 2 100000010
7 3 2 100100000
5 4 1 010000000
6 4 2 000010100
7 5 2 000000011
7 6 1 000001000
7 5 2 100100000
7 6 1 010000000
7 4 1 010000000
7 5 2 001001000
7 6 1 010000000
7 5 2 100100000
7 6 1 010000000
7 4 3 100000110
7 5 2 100100000
7 6 1 010000000
7 3 4 111000100
6 4 2 000010100
7 5 2 000000011
7 6 1 000001000
7 5 2 100100000
7 6 1 010000000
7 4 3 001100100
7 5 2 001000010
7 4 3 100001100
7 2 2 000010100
5 3 2 000000011
5 4 1 000001000
5 3 2 100100000
5 4 1 010000000
6 4 2 000010100
6 3 2 000000011
5 4 1 000001000
6 4 2 000010100
6 3 3 000110010
6 4 2 000010100
6 4 2 010001000
6 5 1 001000000
7 4 2 000010100
7 5 2 000000011
7 6 1 000001000
7 5 2 100100000
7 6 1 010000000
7 4 3 000100101
7 5 2 000000011
7 6 1 000001000
7 4 3 100000110
7 5 2 100100000
7 6 1 010000000
7 3 2 000000011
5 4 1 000001000
6 4 2 000010100
7 5 2 000000011
7 6 1 000001000
7 5 2 100100000
7 6 1 010000000
7 4 1 000001000
7 5 2 000000011
7 6 1 000001000
7 5 2 011000000
7 6 1 000001000
7 4 3 000100101
7 5 2 000000011
7 6 1 000001000
7 3 4 001001101
6 4 2 000010100
7 5 2 000000011
7 6 1 000001000
7 5 2 100100000
7 6 1 010000000
7 4 3 001000110
7 5 2 001100000
7 4 3 010000101
7 3 2 100100000
5 4 1 010000000
6 4 2 000010100
7 5 2 000000011
7 6 1 000001000
7 5 2 100100000
7 6 1 010000000
7 4 1 010000000
7 5 2 001001000
7 6 1 010000000
7 5 2 100100000
7 6 1 010000000
7 4 3 100000110
7 5 2 100100000
7 6 1 010000000
7 3 4 111000100
6 4 2 000010100
7 5 2 000000011
7 6 1 000001000
7 5 2 100100000
7 6 1 010000000
7 4 3 001100100
7 5 2 001000010
7 4 3 100001100
7 2 3 001100100
5 3 2 001000010
6 3 3 101010000
5 4 1 010000000
7 5 2 001001000
7 6 1 010000000
7 5 2 100100000
7 6 1 010000000
7 4 3 001100100
7 5 2 001000010
7 4 3 100001001
7 5 2 100000010
7 3 2 001000010
7 4 3 001001001
6 5 1 000010000
7 5 2 001000010
7 5 2 010000001
7 4 3 001100100
7 5 2 001000010
7 4 3 010001010
7 5 2 000110000
7 5 2 001000010
7 5 2 010000001
7 3 4 010101100
7 4 3 000010110
6 5 1 000000001
7 5 2 000110000
7 4 3 001100100
7 5 2 001000010
7 4 3 010001010
7 5 2 000110000
7 5 2 001000010
7 5 2 010000001
7 4 3 100001100
7 3 4 111000100
6 4 2 000010100
7 5 2 000000011
7 6 1 000001000
7 5 2 100100000
7 6 1 010000000
7 4 3 001100100
7 5 2 001000010
7 4 3 100001100
7 2 3 100001100
6 3 3 000111000
6 4 2 010000010
7 4 3 001100001
7 4 3 100001100
7 3 4 010101100
7 4 3 000010110
6 5 1 000000001
7 5 2 000110000
7 4 3 001100100
7 5 2 001000010
7 4 3 010001010
7 5 2 000110000
7 5 2 001000010
7 5 2 010000001
7 4 3 100001100
7 3 4 100000111
6 4 2 100010000
7 5 2 000100100
7 6 1 000000010
7 5 2 011000000
7 6 1 000001000
7 4 3 100001100
7 4 3 100100001
7 5 2 010000001
7 3 4 100101010
7 4 3 010001010
7 5 2 000110000
7 5 2 001000010
7 5 2 010000001
7 4 3 100001100
7 4 3 100100001
7 5 2 010000001
7 4 3 110010000
6 5 1 001000000
7 5 2 000110000
7 3 4 111000100
6 4 2 000010100
7 5 2 000000011
7 6 1 000001000
7 5 2 100100000
7 6 1 010000000
7 4 3 001100100
7 5 2 001000010
7 4 3 100001100
7 2 5 111100010
5 3 2 001000010
6 3 3 000110010
6 4 2 000010100
6 4 2 010001000
6 5 1 001000000
7 4 2 000010100
7 5 2 000000011
7 6 1 000001000
7 5 2 100100000
7 6 1 010000000
7 4 3 000100101
7 5 2 000000011
7 6 1 000001000
7 4 3 100000110
7 5 2 100100000
7 6 1 010000000
7 3 2 001000010
7 4 3 001001001
6 5 1 000010000
7 5 2 001000010
7 5 2 010000001
7 4 3 001100100
7 5 2 001000010
7 4 3 010001010
7 5 2 000110000
7 5 2 001000010
7 5 2 010000001
7 3 4 100101010
7 4 3 010001010
7 5 2 000110000
7 5 2 001000010
7 5 2 010000001
7 4 3 100001100
7 4 3 100100001
7 5 2 010000001
7 4 3 110010000
6 5 1 001000000
7 5 2 000110000
7 3 4 101011000
6 4 2 010001000
6 5 1 001000000
6 4 2 100000001
7 4 3 110010000
6 5 1 001000000
7 5 2 000110000
7 3 4 111000100
6 4 2 000010100
7 5 2 000000011
7 6 1 000001000
7 5 2 100100000
7 6 1 010000000
7 4 3 001100100
7 5 2 001000010
7 4 3 100001100
7 1 6 111101001
5 2 3 001001001
4 3 1 000010000
5 3 2 001000010
5 3 2 010000001
5 2 3 100100001
5 3 2 010000001
6 3 3 000010101
5 4 1 000000010
6 2 4 000111001
5 3 2 001100000
6 3 3 000110010
6 4 2 000010100
6 4 2 010001000
6 5 1 001000000
6 3 3 010000011
6 4 2 010001000
6 5 1 001000000
6 2 4 110110000
4 3 1 000010000
5 3 2 001100000
5 3 2 010000100
6 3 3 100001010
6 4 2 100000001
7 3 1 000010000
7 4 3 000000111
6 5 1 000010000
7 5 2 000001100
7 5 2 000100001
7 4 3 001001001
6 5 1 000010000
7 5 2 001000010
7 5 2 010000001
7 4 3 100100100
6 5 1 000010000
7 5 2 010000100
7 5 2 100000010
7 4 3 111000000
6 5 1 000010000
7 5 2 001100000
7 5 2 100001000
7 3 2 001100000
7 4 3 001000110
7 5 2 001100000
7 4 3 010101000
7 5 2 000010010
7 5 2 001100000
7 5 2 100001000
7 4 3 111000000
6 5 1 000010000
7 5 2 001100000
7 5 2 100001000
7 3 2 010000100
7 4 3 001001100
7 5 2 010000100
7 4 3 010100010
7 5 2 000011000
7 5 2 010000100
7 5 2 100000010
7 4 3 100100100
6 5 1 000010000
7 5 2 010000100
7 5 2 100000010
7 2 4 000111001
5 3 2 001100000
6 3 3 000110010
6 4 2 000010100
6 4 2 010001000
6 5 1 001000000
6 3 3 010000011
6 4 2 010001000
6 5 1 001000000
7 4 3 010010100
7 3 4 000101110
5 4 1 000001000
7 5 2 000000011
7 6 1 000001000
7 5 2 011000000
7 6 1 000001000
7 4 3 000100101
7 5 2 000000011
7 6 1 000001000
7 4 3 010010100
7 3 3 000110010
6 4 2 000010100
6 4 2 010001000
6 5 1 001000000
7 4 2 000010100
7 5 2 000000011
7 6 1 000001000
7 5 2 100100000
7 6 1 010000000
7 4 3 000100101
7 5 2 000000011
7 6 1 000001000
7 4 3 100000110
7 5 2 100100000
7 6 1 010000000
7 3 2 001100000
7 4 3 001000110
7 5 2 001100000
7 4 3 010101000
7 5 2 000010010
7 5 2 001100000
7 5 2 100001000
7 4 3 111000000
6 5 1 000010000
7 5 2 001100000
7 5 2 100001000
7 3 4 100001101
7 4 3 100000110
7 5 2 100100000
7 6 1 010000000
7 2 3 001001001
4 3 1 000010000
5 3 2 001000010
5 3 2 010000001
7 4 3 001001001
6 5 1 000010000
7 5 2 001000010
7 5 2 010000001
7 4 3 010001010
7 5 2 000110000
7 5 2 001000010
7 5 2 010000001
7 4 3 100100001
7 5 2 010000001
7 3 1 000010000
7 4 3 000000111
6 5 1 000010000
7 5 2 000001100
7 5 2 000100001
7 4 3 001001001
6 5 1 000010000
7 5 2 001000010
7 5 2 010000001
7 4 3 100100100
6 5 1 000010000
7 5 2 010000100
7 5 2 100000010
7 4 3 111000000
6 5 1 000010000
7 5 2 001100000
7 5 2 100001000
7 3 2 001000010
7 4 3 001001001
6 5 1 000010000
7 5 2 001000010
7 5 2 010000001
7 4 3 001100100
7 5 2 001000010
7 4 3 010001010
7 5 2 000110000
7 5 2 001000010
7 5 2 010000001
7 2 3 100100001
5 3 2 010000001
6 3 3 000010101
5 4 1 000000010
7 5 2 000001001
7 6 1 000000010
7 5 2 000100100
7 6 1 000000010
7 4 3 001001100
7 5 2 010000100
7 4 3 100100001
7 5 2 010000001
7 3 2 010000001
7 4 3 001001001
6 5 1 000010000
7 5 2 001000010
7 5 2 010000001
7 4 3 010001010
7 5 2 000110000
7 5 2 001000010
7 5 2 010000001
7 4 3 100100001
7 5 2 010000001
7 3 4 100000111
6 4 2 100010000
7 5 2 000100100
7 6 1 000000010
7 5 2 011000000
7 6 1 000001000
7 4 3 100001100
7 4 3 100100001
7 5 2 010000001
7 3 4 100101010
7 4 3 010001010
7 5 2 000110000
7 5 2 001000010
7 5 2 010000001
7 4 3 100001100
7 4 3 100100001
7 5 2 010000001
7 4 3 110010000
6 5 1 001000000
7 5 2 000110000
7 2 5 101010011
6 3 3 010000011
6 4 2 010001000
6 5 1 001000000
6 3 3 100001010
6 4 2 100000001
6 3 3 101000100
7 4 3 001110000
7 4 3 010010100
7 3 3 010000011
6 4 2 010001000
6 5 1 001000000
7 4 3 010010100
7 3 4 101011000
6 4 2 010001000
6 5 1 001000000
6 4 2 100000001
7 4 3 110010000
6 5 1 001000000
7 5 2 000110000
7 2 5 111100010
5 3 2 001000010
6 3 3 000110010
6 4 2 000010100
6 4 2 010001000
6 5 1 001000000
7 4 2 000010100
7 5 2 000000011
7 6 1 000001000
7 5 2 100100000
7 6 1 010000000
7 4 3 000100101
7 5 2 000000011
7 6 1 000001000
7 4 3 100000110
7 5 2 100100000
7 6 1 010000000
7 3 2 001000010
7 4 3 001001001
6 5 1 000010000
7 5 2 001000010
7 5 2 010000001
7 4 3 001100100
7 5 2 001000010
7 4 3 010001010
7 5 2 000110000
7 5 2 001000010
7 5 2 010000001
7 3 4 100101010
7 4 3 010001010
7 5 2 000110000
7 5 2 001000010
7 5 2 010000001
7 4 3 100001100
7 4 3 100100001
7 5 2 010000001
7 4 3 110010000
6 5 1 001000000
7 5 2 000110000
7 3 4 101011000
6 4 2 010001000
6 5 1 001000000
6 4 2 100000001
7 4 3 110010000
6 5 1 001000000
7 5 2 000110000
7 3 4 111000100
6 4 2 000010100
7 5 2 000000011
7 6 1 000001000
7 5 2 100100000
7 6 1 010000000
7 4 3 001100100
7 5 2 001000010
7 4 3 100001100
8 5 3 000111000
8 6 2 010000010
8 4 2 000010100
7 5 2 000000011
7 6 1 000001000
7 5 2 100100000
7 6 1 010000000
8 6 2 000010100
8 5 2 000000011
7 6 1 000001000
8 6 2 000010100
8 5 3 000110010
8 6 2 000010100
8 6 2 010001000
8 7 1 001000000
8 4 3 001100100
7 5 2 001000010
8 5 3 101010000
7 6 1 010000000
8 4 4 011110000
7 5 2 100100000
7 6 1 010000000
8 6 2 000010100
8 5 3 000111000
8 6 2 010000010
8 5 3 001001010
8 6 2 001000001
8 6 2 010000010
8 5 3 101010000
7 6 1 010000000
8 3 3 000110010
6 4 2 000010100
6 4 2 010001000
6 5 1 001000000
7 4 2 000010100
7 5 2 000000011
7 6 1 000001000
7 5 2 100100000
7 6 1 010000000
7 4 3 000100101
7 5 2 000000011
7 6 1 000001000
7 4 3 100000110
7 5 2 100100000
7 6 1 010000000
8 6 2 000010100
8 5 3 000110010
8 6 2 000010100
8 6 2 010001000
8 7 1 001000000
8 5 3 100010001
8 4 2 000010100
7 5 2 000000011
7 6 1 000001000
7 5 2 100100000
7 6 1 010000000
8 6 2 000010100
8 5 2 000000011
7 6 1 000001000
8 6 2 000010100
8 5 3 000110010
8 6 2 000010100
8 6 2 010001000
8 7 1 001000000
8 4 3 000100101
7 5 2 000000011
7 6 1 000001000
8 6 2 000010100
8 5 3 000110010
8 6 2 000010100
8 6 2 010001000
8 7 1 001000000
8 5 3 100010001
8 4 4 000111001
7 5 2 001100000
8 5 3 000110010
8 6 2 000010100
8 6 2 010001000
8 7 1 001000000
8 5 3 010000011
8 6 2 010001000
8 7 1 001000000
8 4 2 010001000
6 5 1 001000000
8 6 2 010001000
8 7 1 001000000
8 5 3 000110010
8 6 2 000010100
8 6 2 010001000
8 7 1 001000000
8 5 3 010000011
8 6 2 010001000
8 7 1 001000000
8 5 3 100101000
8 6 2 010001000
8 7 1 001000000
8 4 4 110010010
7 5 2 001000010
8 5 3 000110010
8 6 2 000010100
8 6 2 010001000
8 7 1 001000000
8 5 3 100101000
8 6 2 010001000
8 7 1 001000000
8 3 2 001000010
7 4 3 001001001
6 5 1 000010000
7 5 2 001000010
7 5 2 010000001
7 4 3 001100100
7 5 2 001000010
7 4 3 010001010
7 5 2 000110000
7 5 2 001000010
7 5 2 010000001
8 5 2 000110000
8 6 2 100000100
8 4 4 000011011
6 5 1 000010000
7 5 2 000001100
7 5 2 001000010
8 5 3 010100001
8 6 2 100000001
8 4 4 001010101
7 5 2 000001100
7 5 2 001000010
8 4 3 001100100
7 5 2 001000010
8 5 3 101010000
7 6 1 010000000
8 4 4 110010010
7 5 2 001000010
8 5 3 000110010
8 6 2 000010100
8 6 2 010001000
8 7 1 001000000
8 5 3 100101000
8 6 2 010001000
8 7 1 001000000
8 3 5 011010110
7 4 3 011000001
7 5 2 000001001
7 6 1 000000010
7 4 3 100000110
7 5 2 100100000
7 6 1 010000000
8 6 2 000010100
8 5 3 000110010
8 6 2 000010100
8 6 2 010001000
8 7 1 001000000
8 5 3 100010001
8 4 4 000011110
7 5 2 000001001
7 6 1 000000010
8 6 2 001010000
8 5 3 000010101
7 6 1 000000010
8 5 3 000111000
8 6 2 010000010
8 5 3 010100100
8 6 2 010000010
8 6 2 100000100
8 4 4 001101100
8 5 3 001001010
8 6 2 001000001
8 6 2 010000010
8 5 3 010100100
8 6 2 010000010
8 6 2 100000100
8 4 3 011000001
7 5 2 000001001
7 6 1 000000010
8 6 2 001010000
8 5 3 010011000
8 6 2 000100010
8 7 1 000000100
8 6 2 001010000
8 5 3 100010001
8 4 4 011110000
7 5 2 100100000
7 6 1 010000000
8 6 2 000010100
8 5 3 000111000
8 6 2 010000010
8 5 3 001001010
8 6 2 001000001
8 6 2 010000010
8 5 3 101010000
7 6 1 010000000
8 3 4 100101010
7 4 3 010001010
7 5 2 000110000
7 5 2 001000010
7 5 2 010000001
7 4 3 100001100
7 4 3 100100001
7 5 2 010000001
7 4 3 110010000
6 5 1 001000000
7 5 2 000110000
8 6 2 100000100
8 5 1 001000000
8 6 2 010001000
8 7 1 001000000
8 5 3 010100100
8 6 2 010000010
8 6 2 100000100
8 4 4 000011110
7 5 2 000001001
7 6 1 000000010
8 6 2 001010000
8 5 3 000010101
7 6 1 000000010
8 5 3 000111000
8 6 2 010000010
8 5 3 010100100
8 6 2 010000010
8 6 2 100000100
8 4 3 010001010
7 5 2 000110000
7 5 2 001000010
7 5 2 010000001
8 5 2 000110000
8 6 2 100000100
8 4 3 100001100
8 5 3 000111000
8 6 2 010000010
8 4 3 100100001
7 5 2 010000001
8 5 3 000010101
7 6 1 000000010
8 3 4 101011000
6 4 2 010001000
6 5 1 001000000
6 4 2 100000001
7 4 3 110010000
6 5 1 001000000
7 5 2 000110000
8 6 2 100000100
8 5 1 001000000
8 6 2 010001000
8 7 1 001000000
8 5 3 010100100
8 6 2 010000010
8 6 2 100000100
8 4 4 001101100
8 5 3 001001010
8 6 2 001000001
8 6 2 010000010
8 5 3 010100100
8 6 2 010000010
8 6 2 100000100
8 4 2 010001000
6 5 1 001000000
8 6 2 010001000
8 7 1 001000000
8 5 3 000110010
8 6 2 000010100
8 6 2 010001000
8 7 1 001000000
8 5 3 010000011
8 6 2 010001000
8 7 1 001000000
8 5 3 100101000
8 6 2 010001000
8 7 1 001000000
8 4 2 100000001
8 5 3 010100001
8 6 2 100000001
8 5 3 100001010
8 6 2 100000001
8 2 4 000111001
5 3 2 001100000
6 3 3 000110010
6 4 2 000010100
6 4 2 010001000
6 5 1 001000000
6 3 3 010000011
6 4 2 010001000
6 5 1 001000000
7 4 3 010010100
7 3 4 000101110
5 4 1 000001000
7 5 2 000000011
7 6 1 000001000
7 5 2 011000000
7 6 1 000001000
7 4 3 000100101
7 5 2 000000011
7 6 1 000001000
7 4 3 010010100
7 3 3 000110010
6 4 2 000010100
6 4 2 010001000
6 5 1 001000000
7 4 2 000010100
7 5 2 000000011
7 6 1 000001000
7 5 2 100100000
7 6 1 010000000
7 4 3 000100101
7 5 2 000000011
7 6 1 000001000
7 4 3 100000110
7 5 2 100100000
7 6 1 010000000
7 3 2 001100000
7 4 3 001000110
7 5 2 001100000
7 4 3 010101000
7 5 2 000010010
7 5 2 001100000
7 5 2 100001000
7 4 3 111000000
6 5 1 000010000
7 5 2 001100000
7 5 2 100001000
7 3 4 100001101
7 4 3 100000110
7 5 2 100100000
7 6 1 010000000
8 6 2 000010100
8 5 3 000110010
8 6 2 000010100
8 6 2 010001000
8 7 1 001000000
8 5 3 100010001
8 4 4 000111001
7 5 2 001100000
8 5 3 000110010
8 6 2 000010100
8 6 2 010001000
8 7 1 001000000
8 5 3 010000011
8 6 2 010001000
8 7 1 001000000
8 4 4 100011010
8 5 3 100010001
8 5 3 110100000
6 6 0 000000000
