8 0 8 1010010111001010
7 1 6 0010100101001010
6 2 4 0010000110000010
6 3 3 0001000010000010
6 2 4 0010100100000100
6 3 3 0001100000000100
7 2 5 0001100001001010
7 1 6 0100000111001010
6 2 4 0100000110000100
6 3 3 0100000100001000
6 2 4 0100100100000010
6 3 3 1000000100000010
7 2 5 0100000101000110
7 1 6 1010010110000100
7 2 5 1000001010100100
7 3 4 1000001000101000
7 3 4 1000011001000000
7 2 5 1001010010000100
7 3 4 1001000001100000
7 3 4 1001010000001000
7 2 5 1010000101100000
7 2 5 1010010100001000
7 1 6 1010110100000010
7 2 5 0110010100000010
7 3 4 0100001000100010
7 4 3 0100000001010000
7 3 4 0101010000000010
7 2 5 1000101000100010
7 3 4 1000100001010000
7 2 5 1001110000000010
7 4 3 1100100000000000
5 5 0 0000000000000000
