7 0 7 111001111
5 1 4 100000111
4 2 2 100010000
5 3 2 000100100
5 4 1 000000010
5 3 2 011000000
5 4 1 000001000
5 2 3 100001100
5 2 3 100100001
5 3 2 010000001
5 1 4 111000100
4 2 2 000010100
5 3 2 000000011
5 2 3 001100100
5 3 2 001000010
5 3 2 100100000
5 4 1 010000000
6 3 3 000010101
6 1 5 000011111
5 2 3 001000110
5 3 2 001100000
6 3 3 000110010
6 2 4 000110011
6 3 3 000111000
6 3 3 000111000
6 2 4 000111001
6 3 3 001010001
6 4 2 010000010
6 4 2 010000010
6 3 3 010000011
6 4 2 010001000
6 5 1 001000000
6 4 2 010001000
6 3 3 010001001
6 4 2 001000001
6 2 4 010100101
6 3 3 010110000
6 4 2 000001010
6 5 1 000000001
6 2 4 011110000
6 3 3 001001010
6 3 3 100000101
6 3 3 101010000
6 3 3 101010000
6 1 5 110010110
5 2 3 010100010
5 3 2 000011000
5 3 2 010000100
5 3 2 100000010
5 2 3 110000001
5 3 2 000100001
6 2 4 000110110
4 3 1 000010000
6 3 3 010001100
6 4 2 001000100
6 2 4 100101100
6 3 3 100001010
6 4 2 100000001
6 2 4 110110000
6 1 5 111011000
6 2 4 001111000
6 3 3 011000010
6 2 4 101100010
6 3 3 101000100
7 5 2 000000011
7 4 3 000000111
7 4 3 000000111
7 5 2 000001001
7 5 2 000001100
7 5 2 000001100
7 4 3 000010011
6 5 1 000000100
7 4 3 000010011
7 5 2 000011000
7 4 3 000100101
7 4 3 000100101
7 4 3 000101010
7 3 4 000101110
7 4 3 000110001
7 5 2 001001000
7 4 3 001001001
7 4 3 001001001
7 4 3 001001001
7 4 3 001001100
7 4 3 001001100
7 3 4 001001101
7 3 4 001001101
7 3 4 001010110
7 4 3 001100001
7 4 3 001100001
7 3 4 001101010
7 3 4 001101010
7 1 6 001101111
7 4 3 001110000
7 4 3 001110000
7 4 3 010000101
7 4 3 010000101
7 4 3 010001010
7 5 2 000110000
7 4 3 010001010
7 3 4 010001110
