2 0 2 111001011
2 1 1 000011011
2 1 1 001101011
2 1 1 100000011
2 1 1 101110001
2 1 1 110010010
2 1 1 111000000
3 2 1 000010000
3 2 1 001100000
3 2 1 011110100
3 2 1 100001000
3 2 1 110011001
3 1 1 000011011
3 2 1 000001100
3 2 1 000010000
3 2 1 000111101
3 2 1 001000010
3 2 1 010100001
3 2 1 011010011
3 1 1 001101011
3 2 1 000110010
3 2 1 001001101
3 2 1 001100000
3 2 1 001111100
3 2 1 010100011
3 2 1 011010001
3 1 2 011111111
3 2 1 000110111
3 2 1 001000101
3 2 1 010100110
3 2 1 011011001
3 2 1 011101000
3 2 1 011110100
3 1 1 100000011
3 2 1 000110111
3 2 1 010100011
3 2 1 011010011
3 2 1 100001000
3 2 1 100010100
3 2 1 100100101
3 2 1 101011010
3 1 1 101110001
3 2 1 001000101
3 2 1 010100001
3 2 1 011010001
3 2 1 100101000
3 2 1 101100110
3 1 1 110010010
3 2 1 000110010
3 2 1 001000010
3 2 1 010100110
3 2 1 100101000
3 2 1 101011010
3 2 1 110000101
3 2 1 110011001
3 2 1 110110100
3 1 2 111011100
3 2 1 000001100
3 2 1 001111100
3 2 1 011101000
3 2 1 100010100
3 2 1 101100110
3 2 1 110000101
3 1 2 111101101
3 2 1 000111101
3 2 1 001001101
3 2 1 011011001
3 2 1 100100101
3 2 1 110110100
4 3 1 000010100
4 3 1 001100100
4 3 1 010000000
4 3 1 100001110
4 3 1 110010010
4 3 1 110100011
4 2 1 000111101
4 3 1 000011011
4 3 1 000101010
4 3 1 000110110
4 3 1 001100100
4 3 1 010000111
4 3 1 100001001
4 2 1 001001101
4 3 1 000010100
4 3 1 001000110
4 3 1 001011010
4 3 1 001101011
4 3 1 010000101
4 2 1 011011001
4 3 1 000010001
4 3 1 001100011
4 3 1 010000000
4 3 1 011001110
4 3 1 011010010
4 3 1 100001001
4 2 1 100100101
4 3 1 000010001
4 3 1 010000101
4 3 1 100000011
4 3 1 100101110
4 3 1 100110010
4 2 2 101010111
4 3 1 001100011
4 3 1 010000111
4 3 1 100001110
4 3 1 101000000
4 3 1 101011100
4 3 1 101110001
4 2 2 111001011
4 3 1 000011011
4 3 1 001101011
4 3 1 100000011
4 3 1 101110001
4 3 1 110010010
4 3 1 111000000
4 2 2 111100110
4 3 1 000110110
4 3 1 001000110
4 3 1 011010010
4 3 1 100101110
4 3 1 101011100
4 3 1 111000000
4 2 2 111111010
4 3 1 000101010
4 3 1 001011010
4 3 1 011001110
4 3 1 100110010
4 3 1 101000000
4 3 1 110100011
4 1 1 000011011
3 2 1 000001100
3 2 1 000010000
3 2 1 000111101
3 2 1 001000010
3 2 1 010100001
3 2 1 011010011
4 3 1 000011011
4 3 1 001101001
4 3 1 010001010
4 3 1 011000100
4 3 1 011011000
4 3 1 100000011
4 2 1 000001100
4 3 1 000000111
4 3 1 000011011
4 3 1 000101010
4 3 1 001010101
4 3 1 010110110
4 3 1 011000100
4 3 1 100111000
4 3 1 110101100
4 2 1 000010000
4 3 1 000000111
4 3 1 000011011
4 3 1 000110110
4 3 1 001001001
4 3 1 010101010
4 3 1 011011000
4 3 1 100100100
4 3 1 110110000
4 3 1 111000000
4 2 1 000111101
4 3 1 000011011
4 3 1 000101010
4 3 1 000110110
4 3 1 001100100
4 3 1 010000111
4 3 1 100001001
4 2 1 001000010
4 3 1 000011011
4 3 1 001001001
4 3 1 001010101
4 3 1 001100100
4 3 1 010001010
4 3 1 011111000
4 3 1 110010010
4 3 1 111100010
4 2 1 010100001
4 3 1 000011011
4 3 1 001101001
4 3 1 010000111
4 3 1 010101010
4 3 1 010110110
4 3 1 011111000
4 3 1 100000001
4 3 1 101110001
4 3 1 110010101
4 2 2 100101111
4 3 1 000011011
4 3 1 010001111
4 3 1 100001001
4 3 1 100100100
4 3 1 100111000
4 3 1 110010101
4 2 2 110111011
4 3 1 000011011
4 3 1 001101011
4 3 1 010001111
4 3 1 100000001
4 3 1 110101100
4 3 1 110110000
4 3 1 111100010
4 2 2 111001011
4 3 1 000011011
4 3 1 001101011
4 3 1 100000011
4 3 1 101110001
4 3 1 110010010
4 3 1 111000000
4 1 1 001101011
3 2 1 000110010
3 2 1 001001101
3 2 1 001100000
3 2 1 001111100
3 2 1 010100011
3 2 1 011010001
4 3 1 000011001
4 3 1 001101011
4 3 1 010001000
4 3 1 011000110
4 3 1 011011010
4 3 1 100000001
4 3 1 101110001
4 2 1 000110010
4 3 1 000010100
4 3 1 000100101
4 3 1 000111001
4 3 1 001101011
4 3 1 010001000
4 3 1 100000110
4 3 1 110010010
4 3 1 111100010
4 2 1 001001101
4 3 1 000010100
4 3 1 001000110
4 3 1 001011010
4 3 1 001101011
4 3 1 010000101
4 2 1 001100000
4 3 1 000111001
4 3 1 001000110
4 3 1 001101011
4 3 1 010101000
4 3 1 011011010
4 3 1 101010100
4 3 1 110110000
4 3 1 111000000
4 2 1 001111100
4 3 1 000100101
4 3 1 001011010
4 3 1 001101011
4 3 1 010110100
4 3 1 011000110
4 3 1 101001000
4 3 1 110101100
4 2 1 010100011
4 3 1 000011001
4 3 1 001101011
4 3 1 010000101
4 3 1 010101000
4 3 1 010110100
4 3 1 100000011
4 2 2 101011111
4 3 1 001101011
4 3 1 010001111
4 3 1 100000110
4 3 1 101001000
4 3 1 101010100
4 2 2 110111011
4 3 1 000011011
4 3 1 001101011
4 3 1 010001111
4 3 1 100000001
4 3 1 110101100
4 3 1 110110000
4 3 1 111100010
4 2 2 111001011
4 3 1 000011011
4 3 1 001101011
4 3 1 100000011
4 3 1 101110001
4 3 1 110010010
4 3 1 111000000
4 1 2 011111111
3 2 1 000110111
3 2 1 001000101
3 2 1 010100110
3 2 1 011011001
3 2 1 011101000
3 2 1 011110100
4 3 1 000111100
4 3 1 001001110
4 3 1 010101101
4 3 1 011010010
4 3 1 011100011
4 3 1 100100100
4 3 1 101010100
4 3 1 111000000
4 2 1 000110111
4 3 1 000010001
4 3 1 000100000
4 3 1 000111100
4 3 1 001101110
4 3 1 010001101
4 3 1 100000011
4 2 1 001000101
4 3 1 000011100
4 3 1 001001110
4 3 1 001010010
4 3 1 001100011
4 3 1 010001101
4 3 1 101110001
4 3 1 110010101
4 2 1 010100110
4 3 1 000011100
4 3 1 001101110
4 3 1 010000000
4 3 1 010101101
4 3 1 010110001
4 3 1 100000110
4 3 1 110010010
4 2 1 011011001
4 3 1 000010001
4 3 1 001100011
4 3 1 010000000
4 3 1 011001110
4 3 1 011010010
4 3 1 100001001
4 2 1 011101000
4 3 1 000100000
4 3 1 001010010
4 3 1 010110001
4 3 1 011001110
4 3 1 011100011
4 3 1 100111000
4 3 1 101001000
4 2 2 100101111
4 3 1 000011011
4 3 1 010001111
4 3 1 100001001
4 3 1 100100100
4 3 1 100111000
4 3 1 110010101
4 2 2 101011111
4 3 1 001101011
4 3 1 010001111
4 3 1 100000110
4 3 1 101001000
4 3 1 101010100
4 2 2 111001011
4 3 1 000011011
4 3 1 001101011
4 3 1 100000011
4 3 1 101110001
4 3 1 110010010
4 3 1 111000000
4 1 1 100000011
3 2 1 000110111
3 2 1 010100011
3 2 1 011010011
3 2 1 100001000
3 2 1 100010100
3 2 1 100100101
3 2 1 101011010
4 3 1 001101110
4 3 1 010001010
4 3 1 100000011
4 3 1 101001101
4 3 1 101010001
4 3 1 110010010
4 3 1 111100000
4 2 1 000110111
4 3 1 000010001
4 3 1 000100000
4 3 1 000111100
4 3 1 001101110
4 3 1 010001101
4 3 1 100000011
4 2 1 010100011
4 3 1 000011001
4 3 1 001101011
4 3 1 010000101
4 3 1 010101000
4 3 1 010110100
4 3 1 100000011
4 2 1 011010011
4 3 1 000011011
4 3 1 001101001
4 3 1 010001010
4 3 1 011000100
4 3 1 011011000
4 3 1 100000011
4 2 1 100001000
4 3 1 000111100
4 3 1 010101000
4 3 1 011011000
4 3 1 100000011
4 3 1 100101110
4 3 1 101010001
4 3 1 110110010
4 3 1 111000000
4 2 1 100010100
4 3 1 000100000
4 3 1 010110100
4 3 1 011000100
4 3 1 100000011
4 3 1 100110010
4 3 1 101001101
4 2 1 100100101
4 3 1 000010001
4 3 1 010000101
4 3 1 100000011
4 3 1 100101110
4 3 1 100110010
4 2 2 110111001
4 3 1 000011001
4 3 1 001101001
4 3 1 010001101
4 3 1 100000011
4 3 1 101110001
4 3 1 110110010
4 3 1 111100000
4 2 2 111001011
4 3 1 000011011
4 3 1 001101011
4 3 1 100000011
4 3 1 101110001
4 3 1 110010010
4 3 1 111000000
4 1 1 101110001
3 2 1 001000101
3 2 1 010100001
3 2 1 011010001
3 2 1 100101000
3 2 1 101100110
4 3 1 001010010
4 3 1 010110110
4 3 1 011000110
4 3 1 101000000
4 3 1 101110001
4 2 1 001000101
4 3 1 000011100
4 3 1 001001110
4 3 1 001010010
4 3 1 001100011
4 3 1 010001101
4 3 1 101110001
4 3 1 110010101
4 2 1 010100001
4 3 1 000011011
4 3 1 001101001
4 3 1 010000111
4 3 1 010101010
4 3 1 010110110
4 3 1 011111000
4 3 1 100000001
4 3 1 101110001
4 3 1 110010101
4 2 1 011010001
4 3 1 000011001
4 3 1 001101011
4 3 1 010001000
4 3 1 011000110
4 3 1 011011010
4 3 1 100000001
4 3 1 101110001
4 2 1 100101000
4 3 1 000011100
4 3 1 010001000
4 3 1 011111000
4 3 1 100001110
4 3 1 100100011
4 3 1 101110001
4 3 1 110010010
4 3 1 111100000
4 2 2 101010111
4 3 1 001100011
4 3 1 010000111
4 3 1 100001110
4 3 1 101000000
4 3 1 101011100
4 3 1 101110001
4 2 2 101111010
4 3 1 001001110
4 3 1 010101010
4 3 1 011011010
4 3 1 100100011
4 3 1 101011100
4 3 1 101110001
4 3 1 110110010
4 3 1 111000000
4 2 2 110111001
4 3 1 000011001
4 3 1 001101001
4 3 1 010001101
4 3 1 100000011
4 3 1 101110001
4 3 1 110110010
4 3 1 111100000
4 2 2 111001011
4 3 1 000011011
4 3 1 001101011
4 3 1 100000011
4 3 1 101110001
4 3 1 110010010
4 3 1 111000000
4 1 1 110010010
3 2 1 000110010
3 2 1 001000010
3 2 1 010100110
3 2 1 100101000
3 2 1 101011010
3 2 1 110000101
3 2 1 110011001
3 2 1 110110100
4 3 1 000010100
4 3 1 001100100
4 3 1 010000000
4 3 1 100001110
4 3 1 110010010
4 3 1 110100011
4 2 1 000110010
4 3 1 000010100
4 3 1 000100101
4 3 1 000111001
4 3 1 001101011
4 3 1 010001000
4 3 1 100000110
4 3 1 110010010
4 3 1 111100010
4 2 1 001000010
4 3 1 000011011
4 3 1 001001001
4 3 1 001010101
4 3 1 001100100
4 3 1 010001010
4 3 1 011111000
4 3 1 110010010
4 3 1 111100010
4 2 1 010100110
4 3 1 000011100
4 3 1 001101110
4 3 1 010000000
4 3 1 010101101
4 3 1 010110001
4 3 1 100000110
4 3 1 110010010
4 2 1 100101000
4 3 1 000011100
4 3 1 010001000
4 3 1 011111000
4 3 1 100001110
4 3 1 100100011
4 3 1 101110001
4 3 1 110010010
4 3 1 111100000
4 2 1 101011010
4 3 1 001101110
4 3 1 010001010
4 3 1 100000011
4 3 1 101001101
4 3 1 101010001
4 3 1 110010010
4 3 1 111100000
4 2 1 110000101
4 3 1 000100101
4 3 1 001010101
4 3 1 010110001
4 3 1 101001101
4 3 1 110001110
4 3 1 110010010
4 3 1 110100011
4 2 1 110011001
4 3 1 000111001
4 3 1 001001001
4 3 1 010101101
4 3 1 100100011
4 3 1 101010001
4 3 1 110001110
4 3 1 110010010
4 3 1 111000000
4 2 2 111001011
4 3 1 000011011
4 3 1 001101011
4 3 1 100000011
4 3 1 101110001
4 3 1 110010010
4 3 1 111000000
4 1 1 111000000
3 2 1 000010000
3 2 1 001100000
3 2 1 011110100
3 2 1 100001000
3 2 1 110011001
4 3 1 000111001
4 3 1 001001001
4 3 1 010101101
4 3 1 100100011
4 3 1 101010001
4 3 1 110001110
4 3 1 110010010
4 3 1 111000000
4 2 1 000010000
4 3 1 000000111
4 3 1 000011011
4 3 1 000110110
4 3 1 001001001
4 3 1 010101010
4 3 1 011011000
4 3 1 100100100
4 3 1 110110000
4 3 1 111000000
4 2 1 001100000
4 3 1 000111001
4 3 1 001000110
4 3 1 001101011
4 3 1 010101000
4 3 1 011011010
4 3 1 101010100
4 3 1 110110000
4 3 1 111000000
4 2 1 011110100
4 3 1 000111100
4 3 1 001001110
4 3 1 010101101
4 3 1 011010010
4 3 1 011100011
4 3 1 100100100
4 3 1 101010100
4 3 1 111000000
4 2 1 100001000
4 3 1 000111100
4 3 1 010101000
4 3 1 011011000
4 3 1 100000011
4 3 1 100101110
4 3 1 101010001
4 3 1 110110010
4 3 1 111000000
4 2 2 101111010
4 3 1 001001110
4 3 1 010101010
4 3 1 011011010
4 3 1 100100011
4 3 1 101011100
4 3 1 101110001
4 3 1 110110010
4 3 1 111000000
4 2 2 111001011
4 3 1 000011011
4 3 1 001101011
4 3 1 100000011
4 3 1 101110001
4 3 1 110010010
4 3 1 111000000
4 2 2 111010111
4 3 1 000000111
4 3 1 011100011
4 3 1 110001110
4 3 1 111000000
4 2 2 111100110
4 3 1 000110110
4 3 1 001000110
4 3 1 011010010
4 3 1 100101110
4 3 1 101011100
4 3 1 111000000
4 1 2 111011100
3 2 1 000001100
3 2 1 001111100
3 2 1 011101000
3 2 1 100010100
3 2 1 101100110
3 2 1 110000101
4 3 1 000100101
4 3 1 001010101
4 3 1 010110001
4 3 1 101001101
4 3 1 110001110
4 3 1 110010010
4 3 1 110100011
4 2 1 000001100
4 3 1 000000111
4 3 1 000011011
4 3 1 000101010
4 3 1 001010101
4 3 1 010110110
4 3 1 011000100
4 3 1 100111000
4 3 1 110101100
4 2 1 001111100
4 3 1 000100101
4 3 1 001011010
4 3 1 001101011
4 3 1 010110100
4 3 1 011000110
4 3 1 101001000
4 3 1 110101100
4 2 1 011101000
4 3 1 000100000
4 3 1 001010010
4 3 1 010110001
4 3 1 011001110
4 3 1 011100011
4 3 1 100111000
4 3 1 101001000
4 2 1 100010100
4 3 1 000100000
4 3 1 010110100
4 3 1 011000100
4 3 1 100000011
4 3 1 100110010
4 3 1 101001101
4 2 1 101100110
4 3 1 001010010
4 3 1 010110110
4 3 1 011000110
4 3 1 101000000
4 3 1 101110001
4 2 2 111001011
4 3 1 000011011
4 3 1 001101011
4 3 1 100000011
4 3 1 101110001
4 3 1 110010010
4 3 1 111000000
4 2 2 111010111
4 3 1 000000111
4 3 1 011100011
4 3 1 110001110
4 3 1 111000000
4 2 2 111111010
4 3 1 000101010
4 3 1 001011010
4 3 1 011001110
4 3 1 100110010
4 3 1 101000000
4 3 1 110100011
5 4 1 000000011
5 4 1 001110011
5 4 1 010010111
5 4 1 100011001
5 4 1 110000101
5 4 1 110101000
5 4 1 110110100
5 3 1 000101010
5 4 1 000001100
5 4 1 000100001
5 4 1 000111101
5 4 1 001110011
5 4 1 010010000
5 4 1 011100010
5 4 1 100011110
5 4 1 110001010
5 3 1 001011010
5 4 1 000000011
5 4 1 001001101
5 4 1 001010001
5 4 1 001111100
5 4 1 010010010
5 4 1 011100000
5 4 1 110001010
5 3 1 011001110
5 4 1 000000110
5 4 1 001110100
5 4 1 010010111
5 4 1 011000101
5 4 1 011011001
5 4 1 011101000
5 4 1 100011110
5 3 1 100110010
5 4 1 000000110
5 4 1 010010010
5 4 1 011100010
5 4 1 100010100
5 4 1 100100101
5 4 1 100111001
5 4 1 110001000
5 3 1 101000000
5 4 1 001110100
5 4 1 010010000
5 4 1 011100000
5 4 1 100011001
5 4 1 101001011
5 4 1 101100110
5 4 1 110001000
5 3 2 111011100
5 4 1 000001100
5 4 1 001111100
5 4 1 011101000
5 4 1 100010100
5 4 1 101100110
5 4 1 110000101
5 3 2 111101101
5 4 1 000111101
5 4 1 001001101
5 4 1 011011001
5 4 1 100100101
5 4 1 110110100
5 3 2 111110001
5 4 1 000100001
5 4 1 001010001
5 4 1 011000101
5 4 1 100111001
5 4 1 101001011
5 4 1 110101000
5 2 1 000001100
4 3 1 000000111
4 3 1 000011011
4 3 1 000101010
4 3 1 001010101
4 3 1 010110110
4 3 1 011000100
4 3 1 100111000
4 3 1 110101100
5 4 1 000001100
5 4 1 001111100
5 4 1 010011000
5 4 1 100010110
5 4 1 101100100
5 4 1 110001010
5 3 1 000000111
5 4 1 000001100
5 4 1 000010000
5 4 1 000100001
5 4 1 001011110
5 4 1 100110011
5 3 1 000011011
5 4 1 000001100
5 4 1 000010000
5 4 1 000111101
5 4 1 001000010
5 4 1 010100001
5 4 1 011010011
5 3 1 000101010
5 4 1 000001100
5 4 1 000100001
5 4 1 000111101
5 4 1 001110011
5 4 1 010010000
5 4 1 011100010
5 4 1 100011110
5 4 1 110001010
5 3 1 001010101
5 4 1 000001100
5 4 1 001000010
5 4 1 001011110
5 4 1 001110011
5 4 1 010011101
5 4 1 101100001
5 4 1 110000101
5 3 1 010110110
5 4 1 000001100
5 4 1 010010000
5 4 1 010100001
5 4 1 100010110
5 4 1 101100110
5 4 1 110000010
5 3 1 011000100
5 4 1 000001100
5 4 1 010011101
5 4 1 011010011
5 4 1 011100010
5 4 1 100010100
5 4 1 101100100
5 4 1 111110000
5 3 1 100111000
5 4 1 000001100
5 4 1 010011000
5 4 1 011101000
5 4 1 100011110
5 4 1 100110011
5 4 1 101100001
5 4 1 110000010
5 4 1 111110000
5 3 2 111011100
5 4 1 000001100
5 4 1 001111100
5 4 1 011101000
5 4 1 100010100
5 4 1 101100110
5 4 1 110000101
5 2 1 001111100
4 3 1 000100101
4 3 1 001011010
4 3 1 001101011
4 3 1 010110100
4 3 1 011000110
4 3 1 101001000
4 3 1 110101100
5 4 1 000001100
5 4 1 001111100
5 4 1 010011000
5 4 1 100010110
5 4 1 101100100
5 4 1 110001010
5 3 1 000100101
5 4 1 000000011
5 4 1 000101110
5 4 1 000110010
5 4 1 001111100
5 4 1 100010001
5 4 1 110000101
5 3 1 001011010
5 4 1 000000011
5 4 1 001001101
5 4 1 001010001
5 4 1 001111100
5 4 1 010010010
5 4 1 011100000
5 4 1 110001010
5 3 1 001101011
5 4 1 000110010
5 4 1 001001101
5 4 1 001100000
5 4 1 001111100
5 4 1 010100011
5 4 1 011010001
5 3 2 001110111
5 4 1 000101110
5 4 1 001010001
5 4 1 001100000
5 4 1 001111100
5 4 1 011001101
5 4 1 101000011
5 3 1 010110100
5 4 1 000001110
5 4 1 001111100
5 4 1 010010010
5 4 1 010100011
5 4 1 100010100
5 4 1 101100100
5 4 1 110000000
5 3 1 011000110
5 4 1 000001110
5 4 1 001111100
5 4 1 011001101
5 4 1 011010001
5 4 1 011100000
5 4 1 100010110
5 4 1 101100110
5 3 1 101001000
5 4 1 001111100
5 4 1 010011000
5 4 1 011101000
5 4 1 100010001
5 4 1 101000011
5 4 1 110000000
5 3 2 111011100
5 4 1 000001100
5 4 1 001111100
5 4 1 011101000
5 4 1 100010100
5 4 1 101100110
5 4 1 110000101
5 2 1 011101000
4 3 1 000100000
4 3 1 001010010
4 3 1 010110001
4 3 1 011001110
4 3 1 011100011
4 3 1 100111000
4 3 1 101001000
5 4 1 001111100
5 4 1 010011000
5 4 1 011101000
5 4 1 100010001
5 4 1 101000011
5 4 1 110000000
5 3 1 000100000
5 4 1 000000110
5 4 1 000101011
5 4 1 000110111
5 4 1 001111001
5 4 1 010011010
5 4 1 011101000
5 4 1 100010100
5 4 1 110000000
5 4 1 111110000
5 3 1 001010010
5 4 1 000001011
5 5 0 000000000
