7 0 7 111001111
4 0 4 100000111
2 0 2 100010000
2 0 2 000100100
1 0 1 000000010
2 0 2 000001001
2 0 2 001010000
2 0 2 011000000
1 0 1 000001000
2 0 2 000000011
2 0 2 000010100
2 0 2 100100000
1 0 1 010000000
2 0 2 001001000
2 0 2 000010001
2 0 2 000000110
1 0 1 000100000
2 0 2 110000000
2 0 2 110000000
3 0 3 000001101
3 0 3 000010101
3 0 3 000011010
2 0 2 010100000
1 0 1 100000000
3 0 3 000011010
3 0 3 000100101
3 0 3 000110010
2 0 2 010001000
1 0 1 001000000
3 0 3 000011001
2 0 2 000010010
2 0 2 000000101
3 0 3 000001110
2 0 2 000101000
3 0 3 000001110
3 0 3 000100011
3 0 3 000100011
3 0 3 000110010
3 0 3 000110100
3 0 3 000110100
3 0 3 000110100
3 0 3 000110100
3 0 3 001000011
3 0 3 001000011
3 0 3 001000011
3 0 3 001001100
2 0 2 010000100
3 0 3 001010001
3 0 3 001000110
2 0 2 001100000
3 0 3 001010100
3 0 3 001010100
3 0 3 001010100
3 0 3 001010100
3 0 3 001101000
3 0 3 000110001
3 0 3 000100110
0 0 0 000000000
