2 0 2 1010010111001010
3 1 2 0010100101001010
3 2 1 0001100001001010
3 2 1 0010000110000010
3 2 1 0010100100000100
3 1 2 0100000111001010
3 2 1 0100000101000110
3 2 1 0100000110000100
3 2 1 0100100100000010
3 1 2 0110110111001010
3 2 1 0110010100000010
3 1 2 1000001011101010
3 2 1 1000000010011000
3 2 1 1000001010100100
3 2 1 1000101000100010
3 1 2 1001010011001010
3 2 1 1001010010000100
3 2 1 1001110000000010
3 1 2 1010000100101110
3 2 1 1010000100001001
3 2 1 1010000101100000
3 1 2 1010010011111011
3 1 2 1010010101000110
3 2 1 1010010100001000
3 1 2 1010010110000100
3 1 2 1010010111011001
3 1 2 1010010111101101
3 1 2 1010011110111000
3 1 2 1010110100000010
3 1 2 1011011011011010
3 1 2 1101011111001010
3 1 2 1110101110001010
4 3 1 0000011010100010
4 3 1 0000011101000010
4 3 1 0000110000011000
4 3 1 0000111000100100
4 2 2 0000111001101010
4 2 2 0000111110001010
4 3 1 0001000010000010
4 3 1 0001011100000010
4 3 1 0001100000000100
4 2 2 0001111111001010
4 3 1 0010000100001110
4 3 1 0010000110010001
4 2 2 0010001110001010
4 3 1 0000010010101010
4 3 1 0001001010001010
4 3 1 0010001100000110
4 2 2 0010100001111011
4 3 1 0010100001101000
4 2 2 0010100101011001
4 2 2 0010100101101101
4 3 1 0010100110001000
4 2 2 0010100111000110
4 3 1 0010101000001001
4 2 2 0010101100111000
4 2 2 0010110110101110
4 2 2 0011001111001010
4 3 1 0000001011001010
4 3 1 0011100000101000
4 2 2 0011101001011010
4 3 1 0100000000101010
4 2 2 0100000011111011
4 3 1 0100000011101000
4 3 1 0100000100001000
4 3 1 0100000101100001
4 2 2 0100000111011001
4 2 2 0100000111101101
4 3 1 0100001000100010
4 3 1 0100001010001001
4 2 2 0100001110111000
4 3 1 0100010100001001
4 2 2 0100010100101110
4 3 1 0100010101100000
4 3 1 0100100010011000
4 3 1 0100100100010001
4 2 2 0100101011101010
4 3 1 0101000010101000
4 2 2 0101001011011010
4 3 1 0101010000000010
4 2 2 0101101101001010
4 3 1 0001010100001010
4 2 2 0101110011001010
4 2 2 0110011011101010
4 2 2 0110011100001010
4 2 2 0110100100101110
4 2 2 0110110101000110
4 2 2 0110110110000100
4 2 2 0110110111011001
4 2 2 0110111110111000
4 3 1 0111000010000100
4 2 2 0111000011001010
4 3 1 0111100000000010
4 3 1 1000000000010100
4 3 1 1000000010001011
4 3 1 1000000100000010
4 3 1 1000001000101000
4 2 2 1000001001100110
4 3 1 1000001001000001
4 3 1 1000001010000011
