2 0 2 111001111
2 1 1 000011111
2 1 1 100000111
2 1 1 110010110
2 1 1 111000100
2 1 1 111011000
3 2 1 000001000
3 2 1 000001000
3 2 1 000010100
3 2 1 000010100
3 2 1 000110011
3 2 1 000110110
3 2 1 000111001
3 2 1 001000110
3 2 1 001000110
3 2 1 001100100
3 1 2 001101111
3 2 1 001001001
3 2 1 001111000
3 2 1 001111000
3 2 1 010100010
3 2 1 010100101
3 2 1 010100111
3 2 1 010100111
3 2 1 011010101
3 2 1 011101100
3 2 1 011110000
3 1 2 011111011
3 2 1 001000001
3 2 1 100001100
3 2 1 100001100
3 2 1 100010000
3 2 1 100010000
3 2 1 100100001
3 2 1 100101011
3 2 1 100101011
3 2 1 100101100
3 2 1 101100010
3 1 2 101110101
3 2 1 101010011
3 2 1 110000001
3 2 1 110000001
3 2 1 110110000
3 2 1 111100010
3 1 2 111101001
4 3 1 000000011
4 3 1 000000011
4 3 1 000000011
4 3 1 000000011
4 3 1 000010000
4 3 1 000010000
4 3 1 000010000
4 3 1 000010101
4 3 1 000010101
4 3 1 000011000
4 3 1 000011000
4 3 1 000011000
4 3 1 000011101
4 3 1 000011101
4 3 1 000011101
4 3 1 000100001
4 3 1 000100001
4 3 1 000100001
4 3 1 000100001
4 3 1 000100001
4 3 1 000100100
4 3 1 000100100
4 3 1 000100100
4 3 1 000100100
4 3 1 000101110
4 3 1 000101110
4 3 1 000101110
4 3 1 000110010
4 3 1 000110010
4 3 1 000110010
4 3 1 000110010
4 3 1 000111000
4 3 1 000111000
4 3 1 000111000
4 3 1 000111000
4 3 1 000111101
4 3 1 000111101
4 3 1 001000010
4 3 1 001000010
4 3 1 001000010
4 3 1 001001010
4 3 1 001001010
4 3 1 001001101
4 3 1 001001101
4 3 1 001001101
4 3 1 001001101
4 3 1 001010001
4 3 1 001010001
4 3 1 001010001
4 3 1 001010001
4 3 1 001010001
4 3 1 001010001
4 3 1 001010110
4 3 1 001010110
4 3 1 001010110
