2 0 2 111001111
2 1 1 000011111
2 1 1 100000111
2 1 1 110010110
2 1 1 111000100
2 1 1 111011000
3 2 1 000001000
3 2 1 000001000
3 2 1 000010100
3 2 1 000010100
3 2 1 000110011
3 2 1 000110110
3 2 1 000111001
3 2 1 001000110
3 2 1 001000110
3 2 1 001100100
3 1 2 001101111
3 2 1 001001001
3 2 1 001111000
3 2 1 001111000
3 2 1 010100010
3 2 1 010100101
3 2 1 010100111
3 2 1 010100111
3 2 1 011010101
3 2 1 011101100
3 2 1 011110000
3 1 2 011111011
3 2 1 001000001
3 2 1 100001100
3 2 1 100001100
3 2 1 100010000
3 2 1 100010000
3 2 1 100100001
3 2 1 100101011
3 2 1 100101011
3 2 1 100101100
3 2 1 101100010
3 1 2 101110101
3 2 1 101010011
3 2 1 110000001
3 2 1 110000001
3 2 1 110110000
3 2 1 111100010
3 1 2 111101001
4 3 1 000000011
4 3 1 000000011
4 3 1 000000011
4 3 1 000000011
4 3 1 000010000
4 3 1 000010000
4 3 1 000010000
4 3 1 000010101
4 3 1 000010101
4 3 1 000011000
4 3 1 000011000
4 3 1 000011000
4 3 1 000011101
4 3 1 000011101
4 3 1 000011101
4 3 1 000100001
4 3 1 000100001
4 3 1 000100001
4 3 1 000100001
4 3 1 000100001
4 3 1 000100100
4 3 1 000100100
4 3 1 000100100
4 3 1 000100100
4 3 1 000101110
4 3 1 000101110
4 3 1 000101110
4 3 1 000110010
4 3 1 000110010
4 3 1 000110010
4 3 1 000110010
4 3 1 000111000
4 3 1 000111000
4 3 1 000111000
4 3 1 000111000
4 3 1 000111101
4 3 1 000111101
4 3 1 001000010
4 3 1 001000010
4 3 1 001000010
4 3 1 001001010
4 3 1 001001010
4 3 1 001001101
4 3 1 001001101
4 3 1 001001101
4 3 1 001001101
4 3 1 001010001
4 3 1 001010001
4 3 1 001010001
4 3 1 001010001
4 3 1 001010001
4 3 1 001010001
4 3 1 001010110
4 3 1 001010110
4 3 1 001010110
4 3 1 001011110
4 3 1 001011110
4 3 1 001011110
4 3 1 001100000
4 3 1 001100000
4 3 1 001100000
4 3 1 001100000
4 3 1 001100111
4 3 1 001100111
4 3 1 001101010
4 3 1 001101010
4 3 1 001101101
4 3 1 001110011
4 3 1 001110011
4 3 1 001110011
4 3 1 010000001
4 3 1 010000001
4 3 1 010000001
4 3 1 010000001
4 3 1 010000011
4 3 1 010000011
4 3 1 010000011
4 3 1 010000100
4 3 1 010000100
4 3 1 010001001
4 3 1 010001001
4 3 1 010001011
4 3 1 010001011
4 3 1 010001100
4 3 1 010001100
4 3 1 010001100
4 3 1 010001110
4 3 1 010001110
4 3 1 010101001
4 3 1 010101001
4 3 1 010101100
4 3 1 010101100
4 3 1 010101100
4 3 1 010101100
4 3 1 010101100
4 3 1 010101110
4 3 1 010101110
4 3 1 010101110
4 3 1 010110000
4 3 1 010110000
4 3 1 010110000
4 3 1 010110000
4 3 1 010110000
4 3 1 010110000
4 3 1 010110010
4 3 1 010110010
4 3 1 010110010
4 3 1 010110010
4 3 1 010110101
4 3 1 010110101
4 3 1 010110101
4 3 1 010110101
4 3 1 011000000
4 3 1 011000000
4 3 1 011000000
4 3 1 011000000
4 3 1 011000010
4 3 1 011000010
4 3 1 011000010
4 3 1 011000010
4 3 1 011001010
4 3 1 011010110
4 3 1 011010110
4 2 2 011010111
4 2 2 011010111
4 3 1 011011100
4 3 1 011011100
4 3 1 011011100
4 3 1 011011100
4 3 1 011011100
4 3 1 011011100
4 2 2 011011101
4 2 2 011011101
4 3 1 011110001
4 3 1 011110001
4 3 1 011110001
4 3 1 011110001
4 3 1 100000010
4 3 1 100000010
4 3 1 100000101
4 3 1 100000101
4 3 1 100001010
4 3 1 100001010
4 3 1 100001010
4 3 1 100001101
4 3 1 100001101
4 3 1 100001101
4 3 1 100001101
4 3 1 100001101
4 3 1 100011011
4 3 1 100011011
4 3 1 100011011
4 3 1 100011011
4 3 1 100100000
4 3 1 100100000
4 3 1 100100000
4 3 1 100100000
4 3 1 100100000
4 3 1 100100111
4 3 1 100101010
4 3 1 100101010
4 3 1 100101010
4 3 1 100101010
4 3 1 100110110
4 3 1 100110110
4 3 1 100110110
4 3 1 100111100
4 3 1 100111100
4 3 1 100111100
4 3 1 100111100
4 3 1 100111100
4 3 1 101000100
4 3 1 101000100
4 3 1 101001001
4 3 1 101001001
4 3 1 101001001
4 3 1 101001001
4 3 1 101001100
4 3 1 101001100
4 3 1 101001100
4 3 1 101010000
4 3 1 101010000
4 3 1 101010101
4 3 1 101010101
4 3 1 101011000
4 3 1 101011000
4 2 2 101011011
4 2 2 101011011
4 2 2 101011110
4 2 2 101011110
4 3 1 101101001
4 3 1 101110010
4 3 1 101110010
4 3 1 101110010
4 3 1 101110010
4 3 1 101110010
4 3 1 101111000
4 3 1 101111000
4 3 1 101111000
4 3 1 101111000
4 2 2 101111110
4 2 2 101111110
4 3 1 110001010
4 3 1 110001010
4 3 1 110010001
4 3 1 110010001
4 3 1 110010001
4 3 1 110010001
4 3 1 110010011
4 3 1 110010011
4 3 1 110010011
4 3 1 110010011
4 3 1 110010011
4 3 1 110011001
4 3 1 110011001
4 2 2 110011101
4 2 2 110011101
4 3 1 110101000
4 3 1 110101000
4 3 1 110101000
4 3 1 110101000
4 3 1 110101010
4 3 1 110101010
4 3 1 110101010
4 3 1 110110100
4 3 1 110110100
4 3 1 110110100
4 2 2 110111101
4 2 2 110111101
4 2 2 110111111
4 2 2 110111111
4 2 2 111001111
4 2 2 111001111
4 2 2 111001111
4 2 2 111001111
4 2 2 111001111
4 2 2 111001111
4 2 2 111001111
4 2 2 111001111
4 2 2 111001111
4 2 2 111010011
4 2 2 111010011
4 3 1 111100001
4 3 1 111100001
4 3 1 111100001
4 3 1 111100001
4 3 1 111100100
4 3 1 111100100
4 3 1 111100100
4 3 1 111100100
4 3 1 111100100
4 2 2 111111110
4 2 2 111111110
5 4 1 000000010
5 4 1 000000010
5 4 1 000000010
5 4 1 000000010
5 4 1 000000010
5 4 1 000000010
5 4 1 000000010
5 4 1 000000010
5 4 1 000000010
5 4 1 000000010
5 4 1 000000111
5 4 1 000000111
5 4 1 000000111
5 4 1 000000111
5 4 1 000000111
5 4 1 000000111
5 4 1 000000111
5 4 1 000000111
5 4 1 000000111
5 4 1 000000111
5 4 1 000000111
5 4 1 000001010
5 4 1 000001010
5 4 1 000001010
5 4 1 000001010
5 4 1 000001010
5 4 1 000001010
5 4 1 000001010
5 4 1 000001010
5 4 1 000001010
5 4 1 000001010
5 4 1 000001010
5 4 1 000001010
5 4 1 000001010
5 4 1 000001010
5 4 1 000001010
5 4 1 000001010
5 4 1 000001111
5 4 1 000001111
5 4 1 000001111
5 4 1 000001111
5 4 1 000001111
5 4 1 000001111
5 4 1 000001111
5 4 1 000001111
5 4 1 000001111
5 4 1 000001111
5 4 1 000010011
5 4 1 000010011
5 4 1 000010011
5 4 1 000010011
5 4 1 000010011
5 4 1 000010011
5 4 1 000010011
5 4 1 000010011
5 4 1 000010110
5 4 1 000010110
5 4 1 000010110
5 4 1 000010110
5 4 1 000010110
5 4 1 000010110
5 4 1 000010110
5 4 1 000010110
5 4 1 000011011
5 4 1 000011011
5 4 1 000011011
5 4 1 000011011
5 4 1 000011011
5 4 1 000011011
5 4 1 000011011
5 4 1 000011011
5 4 1 000011110
5 4 1 000011110
5 4 1 000011110
5 4 1 000011110
5 4 1 000011110
5 4 1 000011110
5 4 1 000011110
5 4 1 000011110
5 4 1 000011110
5 4 1 000011110
5 4 1 000011110
5 4 1 000011110
5 4 1 000100101
5 4 1 000100101
5 4 1 000100101
5 4 1 000100101
5 4 1 000100101
5 4 1 000100101
5 4 1 000100101
5 4 1 000100101
5 4 1 000100101
5 4 1 000100101
5 4 1 000100101
5 4 1 000101010
5 4 1 000101010
5 4 1 000101010
5 4 1 000101010
5 4 1 000101010
5 4 1 000101010
5 4 1 000101010
5 4 1 000101010
5 4 1 000101010
5 4 1 000101010
5 4 1 000101010
5 4 1 000101010
5 4 1 000101111
5 4 1 000101111
5 4 1 000101111
5 4 1 000101111
5 4 1 000101111
5 4 1 000101111
5 4 1 000101111
5 4 1 000101111
5 4 1 000101111
5 4 1 000101111
5 4 1 000101111
5 4 1 000101111
5 4 1 000110001
5 4 1 000110001
5 4 1 000110001
5 4 1 000110001
5 4 1 000110001
5 4 1 000110001
5 4 1 000110001
5 4 1 000110001
5 4 1 000110001
5 4 1 000110001
5 4 1 000110001
5 4 1 000110001
5 4 1 000110100
5 4 1 000110100
5 4 1 000110100
5 4 1 000110100
5 4 1 000110100
5 4 1 000110100
5 4 1 000110100
5 4 1 000110100
5 4 1 000111011
5 4 1 000111011
5 4 1 000111011
5 4 1 000111011
5 4 1 000111011
5 4 1 000111011
5 4 1 000111011
5 4 1 000111110
5 4 1 000111110
5 4 1 000111110
5 4 1 000111110
5 4 1 000111110
5 4 1 000111110
5 4 1 000111110
5 4 1 000111110
5 4 1 000111110
5 4 1 000111110
5 4 1 001000011
5 4 1 001000011
5 4 1 001000011
5 4 1 001000011
5 4 1 001000011
5 4 1 001000011
5 4 1 001000011
5 4 1 001000100
5 4 1 001000100
5 4 1 001000100
5 4 1 001000100
5 4 1 001000100
5 4 1 001000100
5 4 1 001000100
5 4 1 001000100
5 4 1 001000100
5 4 1 001000100
5 4 1 001000100
5 4 1 001001011
5 4 1 001001011
5 4 1 001001011
5 4 1 001001011
5 4 1 001001011
5 4 1 001001011
5 4 1 001001011
5 4 1 001001011
5 4 1 001001100
5 4 1 001001100
5 4 1 001001100
5 4 1 001001100
5 4 1 001001100
5 4 1 001001100
5 4 1 001001100
5 4 1 001001100
5 4 1 001001100
5 4 1 001001100
5 4 1 001010101
5 4 1 001010101
5 4 1 001010101
5 4 1 001010101
5 4 1 001010101
5 4 1 001010101
5 4 1 001010101
5 4 1 001010101
5 4 1 001010101
5 4 1 001011010
5 4 1 001011010
5 4 1 001011010
5 4 1 001011010
5 4 1 001011010
5 4 1 001011010
5 4 1 001011010
5 4 1 001011010
5 4 1 001011010
5 4 1 001011010
5 4 1 001011010
5 4 1 001011010
5 4 1 001011010
5 4 1 001011010
5 4 1 001011010
5 4 1 001011010
5 4 1 001011101
5 4 1 001011101
5 4 1 001011101
5 4 1 001011101
5 4 1 001011101
5 4 1 001011101
5 4 1 001100001
5 4 1 001100001
5 4 1 001100001
5 4 1 001100001
5 4 1 001100001
5 4 1 001100001
5 4 1 001100001
5 4 1 001100001
5 4 1 001100001
5 4 1 001100001
5 4 1 001100110
5 4 1 001100110
5 4 1 001100110
5 4 1 001100110
5 4 1 001100110
5 4 1 001100110
5 4 1 001100110
5 4 1 001100110
5 4 1 001100110
5 4 1 001100110
5 4 1 001101011
5 4 1 001101011
5 4 1 001101011
5 4 1 001101011
5 4 1 001101011
5 4 1 001101011
5 4 1 001101011
5 4 1 001101011
5 4 1 001101011
5 4 1 001101011
5 4 1 001101011
5 4 1 001101011
5 4 1 001101100
5 4 1 001101100
5 4 1 001101100
5 4 1 001101100
5 4 1 001101100
5 4 1 001101100
5 4 1 001101100
5 4 1 001101100
5 3 2 001101111
5 3 2 001101111
5 4 1 001110000
5 4 1 001110000
5 4 1 001110000
5 4 1 001110000
5 4 1 001110000
5 4 1 001110000
5 4 1 001110000
5 4 1 001110000
5 4 1 001111010
5 4 1 001111010
5 4 1 001111010
5 4 1 001111010
5 4 1 001111010
5 4 1 001111010
5 4 1 001111010
5 4 1 001111010
5 4 1 001111010
5 4 1 001111010
5 4 1 001111010
5 4 1 001111010
5 4 1 010000000
5 4 1 010000000
5 4 1 010000000
5 4 1 010000000
5 4 1 010000000
5 4 1 010000000
5 4 1 010000000
5 4 1 010000000
5 4 1 010000000
5 4 1 010000000
5 4 1 010000000
5 4 1 010000000
5 4 1 010000010
5 4 1 010000010
5 4 1 010000010
5 4 1 010000010
5 4 1 010000010
5 4 1 010000010
5 4 1 010000010
5 4 1 010000010
5 4 1 010000101
5 4 1 010000101
5 4 1 010000101
5 4 1 010000101
5 4 1 010000101
5 4 1 010000101
5 4 1 010000101
5 4 1 010000101
5 4 1 010000101
5 4 1 010000101
5 4 1 010000101
5 4 1 010000101
5 4 1 010000101
5 4 1 010000101
5 4 1 010000111
5 4 1 010000111
5 4 1 010000111
5 4 1 010000111
5 4 1 010000111
5 4 1 010000111
5 4 1 010001000
5 4 1 010001000
5 4 1 010001000
5 4 1 010001000
5 4 1 010001000
5 4 1 010001000
5 4 1 010001000
5 4 1 010001000
5 4 1 010001000
5 4 1 010001000
5 4 1 010001000
5 4 1 010001000
5 4 1 010001010
5 4 1 010001010
5 4 1 010001010
5 4 1 010001010
5 4 1 010001010
5 4 1 010001010
5 4 1 010001010
5 4 1 010001010
5 4 1 010001010
5 4 1 010001010
5 4 1 010001010
5 4 1 010001010
5 4 1 010001010
5 4 1 010001010
5 4 1 010001010
5 4 1 010001010
5 4 1 010001111
5 4 1 010001111
5 4 1 010001111
5 4 1 010001111
5 4 1 010001111
5 4 1 010001111
5 4 1 010010011
5 4 1 010010011
5 4 1 010010011
5 4 1 010010011
5 4 1 010010011
5 4 1 010010011
5 4 1 010010011
5 4 1 010010100
5 4 1 010010100
5 4 1 010010100
5 4 1 010010100
5 4 1 010010100
5 4 1 010010100
5 4 1 010010100
5 4 1 010010100
5 4 1 010010100
5 4 1 010010100
5 4 1 010010100
5 4 1 010010100
5 4 1 010010110
5 4 1 010010110
5 4 1 010010110
5 4 1 010010110
5 4 1 010010110
5 4 1 010010110
5 4 1 010010110
5 4 1 010010110
5 4 1 010010110
5 4 1 010010110
5 4 1 010010110
5 4 1 010010110
5 4 1 010010110
5 4 1 010010110
5 4 1 010010110
5 4 1 010010110
5 4 1 010011001
5 4 1 010011001
5 4 1 010011001
5 4 1 010011001
5 4 1 010011001
5 4 1 010011001
5 4 1 010011001
5 4 1 010011001
5 4 1 010011001
5 4 1 010011001
5 4 1 010011001
5 4 1 010011001
5 4 1 010011001
5 4 1 010011001
5 4 1 010011001
5 4 1 010011001
5 4 1 010011011
5 4 1 010011011
5 4 1 010011011
5 4 1 010011011
5 4 1 010011011
5 4 1 010011011
5 4 1 010011011
5 4 1 010011011
5 4 1 010011011
5 4 1 010011011
5 4 1 010011011
5 4 1 010011011
5 4 1 010011100
5 4 1 010011100
5 4 1 010011100
5 4 1 010011100
5 4 1 010011100
5 4 1 010011100
5 4 1 010011100
5 4 1 010011100
5 4 1 010011100
5 4 1 010011100
5 4 1 010011100
5 4 1 010011100
5 4 1 010011100
5 4 1 010011100
5 4 1 010011110
5 4 1 010011110
5 4 1 010011110
5 4 1 010011110
5 4 1 010011110
5 4 1 010011110
5 4 1 010011110
5 4 1 010011110
5 4 1 010011110
5 4 1 010011110
5 4 1 010011110
5 4 1 010011110
5 4 1 010101000
5 4 1 010101000
5 4 1 010101000
5 4 1 010101000
5 4 1 010101000
5 4 1 010101000
5 4 1 010101000
5 4 1 010101000
5 4 1 010101000
5 4 1 010101000
5 4 1 010101000
5 4 1 010101000
5 4 1 010101000
5 4 1 010101000
5 4 1 010101010
5 4 1 010101010
5 4 1 010101010
5 4 1 010101010
5 4 1 010101010
5 4 1 010101010
5 4 1 010101010
5 4 1 010101010
5 4 1 010101010
5 4 1 010101101
5 4 1 010101101
5 4 1 010101101
5 4 1 010101101
5 4 1 010101101
5 4 1 010101101
5 4 1 010101101
5 4 1 010101101
5 4 1 010101101
5 4 1 010111001
5 4 1 010111001
5 4 1 010111001
5 4 1 010111001
5 4 1 010111001
5 4 1 010111001
5 4 1 010111001
5 4 1 010111001
5 4 1 010111001
5 4 1 010111001
5 4 1 010111001
5 4 1 010111001
5 4 1 011000001
5 4 1 011000001
5 4 1 011000001
5 4 1 011001001
5 4 1 011001001
5 4 1 011001001
5 4 1 011001001
5 4 1 011001001
5 4 1 011001001
5 4 1 011001001
5 4 1 011001001
5 4 1 011001011
5 4 1 011001011
5 4 1 011001011
5 4 1 011001011
5 4 1 011001011
5 4 1 011001011
5 4 1 011001011
5 4 1 011001011
5 4 1 011001011
5 4 1 011001011
5 4 1 011001011
5 4 1 011001011
5 4 1 011001011
5 4 1 011001011
5 4 1 011001011
5 4 1 011001011
5 4 1 011001011
5 4 1 011001011
5 4 1 011010000
5 4 1 011010000
5 4 1 011010000
5 4 1 011010000
5 4 1 011010000
5 4 1 011010000
5 4 1 011010000
5 4 1 011010000
5 4 1 011010000
5 4 1 011010000
5 4 1 011010000
5 4 1 011010000
5 4 1 011010010
5 4 1 011010010
5 4 1 011010010
5 4 1 011010010
5 4 1 011010010
5 4 1 011010010
5 4 1 011010010
5 4 1 011010010
5 4 1 011010010
5 4 1 011011000
5 4 1 011011000
5 4 1 011011000
5 4 1 011011000
5 4 1 011011000
5 4 1 011011000
5 4 1 011011000
5 4 1 011011000
5 4 1 011011000
5 4 1 011011000
5 4 1 011011000
5 4 1 011011010
5 4 1 011011010
5 4 1 011011010
5 4 1 011011010
5 4 1 011011010
5 4 1 011011010
5 4 1 011011010
5 4 1 011011010
5 4 1 011011010
5 4 1 011011010
5 3 2 011011110
5 3 2 011011110
5 3 2 011011110
5 3 2 011011110
5 4 1 011100100
5 4 1 011100100
5 4 1 011100100
5 4 1 011100100
5 4 1 011100100
5 4 1 011100100
5 4 1 011100100
5 4 1 011100100
5 4 1 011100100
5 4 1 011100110
5 4 1 011100110
5 4 1 011100110
5 4 1 011100110
5 4 1 011100110
5 4 1 011100110
5 4 1 011100110
5 4 1 011100110
5 4 1 011100110
5 4 1 011100110
5 4 1 011100110
5 4 1 011100110
5 4 1 011100110
5 4 1 011100110
5 3 2 011100111
5 3 2 011100111
5 3 2 011100111
5 3 2 011100111
5 4 1 011101001
5 4 1 011101001
5 4 1 011101001
5 4 1 011101001
5 4 1 011101001
5 4 1 011101001
5 4 1 011101001
5 4 1 011101001
5 4 1 011101001
5 4 1 011101001
5 4 1 011101001
5 4 1 011101001
5 4 1 011101001
5 4 1 011101001
5 4 1 011101001
5 3 2 011110011
5 3 2 011110011
5 3 2 011110011
5 4 1 011111000
5 4 1 011111000
5 4 1 011111000
5 4 1 011111000
5 4 1 011111000
5 4 1 011111000
5 4 1 011111000
5 4 1 011111000
5 4 1 011111000
5 4 1 011111000
5 4 1 011111000
5 4 1 011111000
5 3 2 011111011
5 3 2 011111011
5 3 2 011111011
5 3 2 011111011
5 3 2 011111100
5 3 2 011111100
5 3 2 011111100
5 3 2 011111100
5 3 2 011111110
5 3 2 011111110
5 3 2 011111110
5 3 2 011111110
5 3 2 011111110
5 4 1 100000001
5 4 1 100000001
5 4 1 100000001
5 4 1 100000001
5 4 1 100000001
5 4 1 100000001
5 4 1 100000110
5 4 1 100000110
5 4 1 100000110
5 4 1 100000110
5 4 1 100000110
5 4 1 100000110
5 4 1 100000110
5 4 1 100000110
5 4 1 100000110
5 4 1 100000110
5 4 1 100000110
5 4 1 100000110
5 4 1 100000110
5 4 1 100000110
5 4 1 100000110
5 4 1 100000110
5 4 1 100001001
5 4 1 100001001
5 4 1 100001001
5 4 1 100001001
5 4 1 100001001
5 4 1 100001001
5 4 1 100001001
5 4 1 100001001
5 4 1 100001110
5 4 1 100001110
5 4 1 100001110
5 4 1 100001110
5 4 1 100001110
5 4 1 100001110
5 4 1 100001110
5 4 1 100001110
5 4 1 100001110
5 4 1 100001110
5 4 1 100001110
5 4 1 100001110
5 4 1 100010010
5 4 1 100010010
5 4 1 100010010
5 4 1 100010010
5 4 1 100010010
5 4 1 100010010
5 4 1 100010010
5 4 1 100010010
5 4 1 100010010
5 4 1 100010010
5 4 1 100010010
5 4 1 100010010
5 4 1 100010010
5 4 1 100010010
5 4 1 100010101
5 4 1 100010101
5 4 1 100010101
5 4 1 100010101
5 4 1 100010101
5 4 1 100010101
5 4 1 100010101
5 4 1 100010101
5 4 1 100010101
5 4 1 100010101
5 4 1 100010101
5 4 1 100010101
5 4 1 100010101
5 4 1 100010101
5 4 1 100011010
5 4 1 100011010
5 4 1 100011010
5 4 1 100011010
5 4 1 100011010
5 4 1 100011010
5 4 1 100011010
5 4 1 100011010
5 4 1 100011010
5 4 1 100011010
5 4 1 100011010
5 4 1 100011010
5 4 1 100011010
5 4 1 100011010
5 4 1 100011101
5 4 1 100011101
5 4 1 100011101
5 4 1 100011101
5 4 1 100011101
5 4 1 100100011
5 4 1 100100011
5 4 1 100100011
5 4 1 100100011
5 4 1 100100011
5 4 1 100100011
5 4 1 100100011
5 4 1 100100011
5 4 1 100100011
5 4 1 100100011
5 4 1 100100100
5 4 1 100100100
5 4 1 100100100
5 4 1 100100100
5 4 1 100100100
5 4 1 100100100
5 4 1 100100100
5 4 1 100101001
5 4 1 100101001
5 4 1 100101001
5 4 1 100101001
5 4 1 100101001
5 4 1 100101001
5 4 1 100101001
5 4 1 100101001
5 4 1 100101001
5 4 1 100101001
5 4 1 100101001
5 4 1 100101001
5 4 1 100101001
5 4 1 100101001
5 4 1 100101110
5 4 1 100101110
5 4 1 100101110
5 4 1 100101110
5 4 1 100101110
5 4 1 100101110
5 4 1 100101110
5 4 1 100110000
5 4 1 100110000
5 4 1 100110000
5 4 1 100110000
5 3 2 100111011
5 3 2 100111011
5 3 2 100111011
5 3 2 100111011
5 4 1 101000010
5 4 1 101000010
5 4 1 101000010
5 4 1 101000010
5 4 1 101000010
5 4 1 101000010
5 4 1 101000010
5 4 1 101000010
5 4 1 101000010
5 4 1 101000010
5 4 1 101000010
5 4 1 101000010
5 4 1 101000111
5 4 1 101000111
5 4 1 101000111
5 4 1 101000111
5 4 1 101000111
5 4 1 101000111
5 4 1 101000111
5 4 1 101000111
5 4 1 101000111
5 4 1 101000111
5 4 1 101000111
5 4 1 101000111
5 4 1 101010001
5 4 1 101010001
5 4 1 101010001
5 4 1 101010001
5 4 1 101010001
5 4 1 101010001
5 4 1 101010001
5 4 1 101010001
5 4 1 101010001
5 4 1 101010001
5 4 1 101010100
5 4 1 101010100
5 4 1 101010100
5 4 1 101010100
5 4 1 101010100
5 4 1 101010100
5 4 1 101010100
5 4 1 101010100
5 4 1 101010100
5 4 1 101010100
5 4 1 101010100
5 4 1 101010100
5 4 1 101010100
5 4 1 101010100
5 4 1 101010100
5 4 1 101010100
5 4 1 101011001
5 4 1 101011001
5 4 1 101011001
5 4 1 101011001
5 4 1 101011001
5 4 1 101011001
5 4 1 101011001
5 4 1 101011100
5 4 1 101011100
5 4 1 101011100
5 4 1 101011100
5 4 1 101011100
5 4 1 101011100
5 4 1 101011100
5 4 1 101011100
5 4 1 101011100
5 4 1 101100000
5 4 1 101100000
5 4 1 101100000
5 4 1 101100000
5 4 1 101100000
5 4 1 101100000
5 4 1 101100000
5 4 1 101100000
5 4 1 101100000
5 4 1 101100000
5 4 1 101100000
5 4 1 101100000
5 4 1 101100000
5 4 1 101100000
5 4 1 101100101
5 4 1 101100101
5 4 1 101100101
5 4 1 101100101
5 4 1 101100101
5 4 1 101100101
5 4 1 101100101
5 4 1 101100101
5 4 1 101100101
5 4 1 101100101
5 4 1 101100101
5 4 1 101100101
5 4 1 101100101
5 4 1 101100101
5 4 1 101100101
5 4 1 101100101
5 4 1 101100101
5 4 1 101100101
5 4 1 101100101
5 4 1 101100101
5 4 1 101101010
5 4 1 101101010
5 4 1 101101010
5 4 1 101101010
5 4 1 101101010
5 4 1 101101010
5 4 1 101101010
5 3 2 101110101
5 3 2 101110101
5 3 2 101110101
5 3 2 101110101
5 3 2 101110101
5 3 2 101110111
5 3 2 101110111
5 3 2 101110111
5 3 2 101110111
5 3 2 101110111
5 3 2 101110111
5 3 2 101111101
5 3 2 101111101
5 3 2 101111101
5 3 2 101111101
5 3 2 101111101
5 4 1 110000100
5 4 1 110000100
5 4 1 110000100
5 4 1 110000100
5 4 1 110000100
5 4 1 110000100
5 4 1 110000100
5 4 1 110000100
5 4 1 110000100
5 4 1 110000100
5 4 1 110000100
5 4 1 110000100
5 4 1 110000100
5 4 1 110000100
5 4 1 110000100
5 4 1 110000100
5 4 1 110000100
5 4 1 110000100
5 4 1 110000110
5 4 1 110000110
5 4 1 110000110
5 4 1 110000110
5 4 1 110000110
5 4 1 110000110
5 4 1 110000110
5 4 1 110000110
5 4 1 110000110
5 4 1 110000110
5 4 1 110000110
5 4 1 110000110
5 4 1 110000110
5 4 1 110000110
5 4 1 110000110
5 4 1 110000110
5 4 1 110001100
5 4 1 110001100
5 4 1 110001100
5 4 1 110001100
5 4 1 110001100
5 4 1 110001100
5 4 1 110001100
5 4 1 110001100
5 4 1 110001110
5 4 1 110001110
5 4 1 110001110
5 4 1 110001110
5 4 1 110001110
5 4 1 110001110
5 4 1 110001110
5 4 1 110001110
5 4 1 110001110
5 4 1 110001110
5 4 1 110001110
5 4 1 110001110
5 4 1 110010000
5 4 1 110010000
5 4 1 110010000
5 4 1 110010000
5 4 1 110010000
5 4 1 110010000
5 4 1 110010010
5 4 1 110010010
5 4 1 110010010
5 4 1 110010010
5 4 1 110010010
5 4 1 110010010
5 4 1 110010010
5 4 1 110010010
5 4 1 110010010
5 4 1 110010010
5 4 1 110010010
5 4 1 110010010
5 4 1 110011000
5 4 1 110011000
5 4 1 110011000
5 4 1 110011000
5 4 1 110011000
5 4 1 110011000
5 4 1 110011000
5 4 1 110011000
5 4 1 110011000
5 4 1 110011000
5 4 1 110011000
5 4 1 110011000
5 4 1 110011000
5 4 1 110011000
5 4 1 110011000
5 4 1 110011000
5 4 1 110011010
5 4 1 110011010
5 4 1 110011010
5 4 1 110011010
5 4 1 110011010
5 4 1 110011010
5 4 1 110011010
5 4 1 110011010
5 4 1 110011010
5 4 1 110011010
5 4 1 110011010
5 4 1 110011010
5 4 1 110011010
5 4 1 110011010
5 3 2 110011011
5 3 2 110011011
5 3 2 110011011
5 3 2 110011011
5 4 1 110100001
5 4 1 110100001
5 4 1 110100001
5 4 1 110100001
5 4 1 110100001
5 4 1 110100001
5 4 1 110100001
5 4 1 110100001
5 4 1 110100011
5 4 1 110100011
5 4 1 110100011
5 4 1 110100011
5 4 1 110100011
5 4 1 110100011
5 4 1 110100011
5 4 1 110100011
5 4 1 110100011
5 4 1 110100011
5 4 1 110100011
5 4 1 110100011
5 4 1 110100011
5 4 1 110100011
5 3 2 110100111
5 3 2 110100111
5 3 2 110100111
5 3 2 110100111
5 3 2 110100111
5 4 1 110101100
5 4 1 110101100
5 4 1 110101100
5 4 1 110101100
5 4 1 110101100
5 4 1 110101100
5 4 1 110101100
5 3 2 110110110
5 3 2 110110110
5 3 2 110110110
5 3 2 110110110
5 3 2 110110110
5 3 2 110110110
5 4 1 110111000
5 4 1 110111000
5 4 1 110111000
5 4 1 110111000
5 4 1 110111000
5 4 1 110111000
5 4 1 110111000
5 4 1 110111000
5 4 1 110111000
5 4 1 110111000
5 4 1 110111000
5 4 1 110111000
5 3 2 110111011
5 3 2 110111011
5 3 2 110111011
5 3 2 110111011
5 4 1 111000000
5 4 1 111000000
5 4 1 111000000
5 4 1 111000000
5 4 1 111000000
5 4 1 111000000
5 4 1 111000000
5 4 1 111000000
5 4 1 111000000
5 4 1 111000010
5 4 1 111000010
5 4 1 111000010
5 4 1 111000010
5 4 1 111000010
5 4 1 111000010
5 4 1 111000010
5 4 1 111000010
5 4 1 111000010
5 4 1 111000010
5 4 1 111000010
5 4 1 111000010
5 4 1 111000010
5 4 1 111000010
5 4 1 111000010
5 4 1 111000010
5 4 1 111000101
5 4 1 111000101
5 4 1 111000101
5 4 1 111000101
5 4 1 111000101
5 4 1 111000101
5 4 1 111000101
5 4 1 111000101
5 4 1 111000101
5 4 1 111000101
5 4 1 111000101
5 4 1 111001000
5 4 1 111001000
5 4 1 111001000
5 4 1 111001000
5 4 1 111001000
5 4 1 111001000
5 4 1 111001000
5 4 1 111001000
5 4 1 111001000
5 4 1 111001000
5 4 1 111001000
5 4 1 111001000
5 4 1 111001000
5 4 1 111001000
5 4 1 111001000
5 4 1 111001000
5 4 1 111001010
5 4 1 111001010
5 4 1 111001010
5 4 1 111001010
5 4 1 111001010
5 4 1 111001010
5 4 1 111001010
5 4 1 111001010
5 4 1 111001010
5 4 1 111001010
5 4 1 111001010
5 4 1 111001010
5 4 1 111001010
5 4 1 111001010
5 3 2 111100011
5 3 2 111100011
5 3 2 111100011
5 3 2 111100011
5 3 2 111100011
5 3 2 111100110
5 3 2 111100110
5 3 2 111100110
5 3 2 111100110
5 3 2 111100110
5 4 1 111101000
5 4 1 111101000
5 4 1 111101000
5 4 1 111101000
5 4 1 111101000
5 4 1 111101000
5 4 1 111101000
5 4 1 111101000
5 4 1 111101000
5 4 1 111101000
5 4 1 111101000
5 4 1 111101000
5 4 1 111101000
5 4 1 111101000
5 4 1 111101000
5 4 1 111101000
5 4 1 111101000
5 4 1 111101000
5 4 1 111101000
5 4 1 111101000
5 3 2 111101001
5 3 2 111101001
5 3 2 111101001
5 3 2 111101001
5 3 2 111101001
5 3 2 111101001
5 3 2 111110101
5 3 2 111110101
5 3 2 111110101
5 3 2 111110101
5 3 2 111110101
6 5 1 000000001
6 5 1 000000001
6 5 1 000000001
6 5 1 000000001
6 5 1 000000001
6 5 1 000000001
6 5 1 000000001
6 5 1 000000001
6 5 1 000000001
6 5 1 000000001
6 5 1 000000001
6 5 1 000000001
6 5 1 000000001
6 5 1 000000001
6 5 1 000000001
6 5 1 000000001
6 5 1 000000001
6 5 1 000000001
6 5 1 000000001
6 5 1 000000001
6 5 1 000000001
6 5 1 000000001
6 5 1 000000001
6 5 1 000000001
6 5 1 000000001
6 5 1 000000001
6 5 1 000000001
6 5 1 000000001
6 5 1 000000001
6 5 1 000000001
6 5 1 000000001
6 5 1 000000001
6 5 1 000000001
6 5 1 000000001
6 5 1 000000001
6 5 1 000000001
6 5 1 000000001
6 5 1 000000001
6 5 1 000000001
6 5 1 000000001
6 5 1 000000100
6 5 1 000000100
6 5 1 000000100
6 5 1 000000100
6 5 1 000000100
6 5 1 000000100
6 5 1 000000100
6 5 1 000000100
6 5 1 000000100
6 5 1 000000100
6 5 1 000000100
6 5 1 000000100
6 5 1 000000100
6 5 1 000000100
6 5 1 000000100
6 5 1 000000100
6 5 1 000000100
6 5 1 000000100
6 5 1 000000100
6 5 1 000000100
6 5 1 000000100
6 5 1 000000100
6 5 1 000000100
6 5 1 000000100
6 5 1 000000100
6 5 1 000000100
6 5 1 000000100
6 5 1 000000100
6 5 1 000001001
6 5 1 000001001
6 5 1 000001001
6 5 1 000001001
6 5 1 000001001
6 5 1 000001001
6 5 1 000001001
6 5 1 000001001
6 5 1 000001001
6 5 1 000001001
6 5 1 000001001
6 5 1 000001001
6 5 1 000001001
6 5 1 000001001
6 5 1 000001001
6 5 1 000001001
6 5 1 000001001
6 5 1 000001001
6 5 1 000001001
6 5 1 000001001
6 5 1 000001001
6 5 1 000001001
6 5 1 000001001
6 5 1 000001001
6 5 1 000001001
6 5 1 000001001
6 5 1 000001001
6 5 1 000001001
6 5 1 000001001
6 5 1 000001001
6 5 1 000001001
6 5 1 000001001
6 5 1 000001001
6 5 1 000001001
6 5 1 000001001
6 5 1 000001001
6 5 1 000001001
6 5 1 000001100
6 5 1 000001100
6 5 1 000001100
6 5 1 000001100
6 5 1 000001100
6 5 1 000001100
6 5 1 000001100
6 5 1 000001100
6 5 1 000001100
6 5 1 000001100
6 5 1 000001100
6 5 1 000001100
6 5 1 000001100
6 5 1 000001100
6 5 1 000001100
6 5 1 000001100
6 5 1 000001100
6 5 1 000001100
6 5 1 000001100
6 5 1 000001100
6 5 1 000001100
6 5 1 000001100
6 5 1 000001100
6 5 1 000001100
6 5 1 000001100
6 5 1 000001100
6 5 1 000001100
6 5 1 000001100
6 5 1 000001100
6 5 1 000001100
6 5 1 000001100
6 5 1 000001100
6 5 1 000001100
6 5 1 000001100
6 5 1 000001100
6 5 1 000001100
6 5 1 000001100
6 5 1 000001100
6 5 1 000001100
6 5 1 000001100
6 5 1 000001100
6 5 1 000001100
6 5 1 000001100
6 5 1 000001100
6 5 1 000001100
6 5 1 000001100
6 5 1 000001100
6 5 1 000010010
6 5 1 000010010
6 5 1 000010010
6 5 1 000010010
6 5 1 000010010
6 5 1 000010010
6 5 1 000010010
6 5 1 000010010
6 5 1 000010010
6 5 1 000010010
6 5 1 000010010
6 5 1 000010010
6 5 1 000010010
6 5 1 000010010
6 5 1 000010010
6 5 1 000010010
6 5 1 000010010
6 5 1 000010010
6 5 1 000010010
6 5 1 000010010
6 5 1 000010010
6 5 1 000010010
6 5 1 000010010
6 5 1 000010010
6 5 1 000010010
6 5 1 000010010
6 5 1 000010010
6 5 1 000010010
6 5 1 000010010
6 5 1 000010010
6 5 1 000010010
6 5 1 000010010
6 5 1 000010010
6 5 1 000010010
6 5 1 000010010
6 5 1 000010010
6 5 1 000010010
6 5 1 000010010
6 5 1 000010010
6 5 1 000010010
6 5 1 000010010
6 5 1 000010010
6 5 1 000010010
6 5 1 000010010
6 5 1 000010010
6 5 1 000010010
6 5 1 000010010
6 5 1 000010010
6 5 1 000010010
6 5 1 000010010
6 5 1 000010010
6 5 1 000010010
6 5 1 000010010
6 5 1 000010010
6 5 1 000010010
6 5 1 000010010
6 5 1 000010111
6 6 0 000000000
